0	8.14896e-05
1.64919e-12	7.92451e-05
3.29837e-12	7.45595e-05
4.94756e-12	6.7006e-05
6.59674e-12	5.61364e-05
8.24593e-12	4.14871e-05
9.89511e-12	2.2587e-05
1.15443e-11	-1.03219e-06
1.31935e-11	-2.98246e-05
1.48427e-11	-6.42162e-05
1.64919e-11	-0.000104589
1.8141e-11	-0.000151264
1.97902e-11	-0.00020448
2.14394e-11	-0.000264374
2.30886e-11	-0.000330956
2.47378e-11	-0.000404085
2.6387e-11	-0.000483446
2.80361e-11	-0.000568519
2.96853e-11	-0.000658555
3.13345e-11	-0.000752551
3.29837e-11	-0.000849224
3.46329e-11	-0.000946986
3.62821e-11	-0.00104393
3.79313e-11	-0.0011378
3.95804e-11	-0.001226
4.12296e-11	-0.00130558
4.28788e-11	-0.00137322
4.4528e-11	-0.00142527
4.61772e-11	-0.00145773
4.78264e-11	-0.00146634
4.94756e-11	-0.00144656
5.11247e-11	-0.00139364
5.27739e-11	-0.00130272
5.44231e-11	-0.00116887
5.60723e-11	-0.000987195
5.77215e-11	-0.000752967
5.93707e-11	-0.000461723
6.10198e-11	-0.000109416
6.2669e-11	0.000307438
6.43182e-11	0.000791595
6.59674e-11	0.00134491
6.76166e-11	0.00196816
6.92658e-11	0.00266085
7.0915e-11	0.00342105
7.25641e-11	0.00424517
7.42133e-11	0.00512781
7.58625e-11	0.00606162
7.75117e-11	0.00703707
7.91609e-11	0.0080424
8.08101e-11	0.00906351
8.24593e-11	0.0100838
8.41084e-11	0.0110844
8.57576e-11	0.0120437
8.74068e-11	0.012938
8.9056e-11	0.0137414
9.07052e-11	0.0144257
9.23544e-11	0.0149612
9.40035e-11	0.0153165
9.56527e-11	0.0154594
9.73019e-11	0.0153569
9.89511e-11	0.0149763
1.006e-10	0.0142851
1.02249e-10	0.0132524
1.03899e-10	0.0118492
1.05548e-10	0.0100493
1.07197e-10	0.00783026
1.08846e-10	0.00517422
1.10495e-10	0.00206871
1.12145e-10	-0.00149231
1.13794e-10	-0.00550767
1.15443e-10	-0.00996806
1.17092e-10	-0.0148553
1.18741e-10	-0.0201415
1.20391e-10	-0.0257886
1.2204e-10	-0.0317478
1.23689e-10	-0.0379591
1.25338e-10	-0.0443512
1.26987e-10	-0.0508416
1.28636e-10	-0.0573367
1.30286e-10	-0.0637323
1.31935e-10	-0.0699143
1.33584e-10	-0.0757594
1.35233e-10	-0.0811367
1.36882e-10	-0.085909
1.38532e-10	-0.0899345
1.40181e-10	-0.0930689
1.4183e-10	-0.0951674
1.43479e-10	-0.0960876
1.45128e-10	-0.0956918
1.46777e-10	-0.0938499
1.48427e-10	-0.0904424
1.50076e-10	-0.0853637
1.51725e-10	-0.0785246
1.53374e-10	-0.0698559
1.55023e-10	-0.0593113
1.56673e-10	-0.0468698
1.58322e-10	-0.032539
1.59971e-10	-0.016357
1.6162e-10	0.00160563
1.63269e-10	0.0212438
1.64919e-10	0.0424171
1.66568e-10	0.0649491
1.68217e-10	0.0886275
1.69866e-10	0.113204
1.71515e-10	0.138398
1.73164e-10	0.163893
1.74814e-10	0.189346
1.76463e-10	0.214387
1.78112e-10	0.238623
1.79761e-10	0.261646
1.8141e-10	0.283032
1.8306e-10	0.302353
1.84709e-10	0.319184
1.86358e-10	0.333102
1.88007e-10	0.343703
1.89656e-10	0.350602
1.91305e-10	0.353446
1.92955e-10	0.351917
1.94604e-10	0.345744
1.96253e-10	0.334705
1.97902e-10	0.318639
1.99551e-10	0.297446
2.01201e-10	0.2711
2.0285e-10	0.239646
2.04499e-10	0.203208
2.06148e-10	0.16199
2.07797e-10	0.116277
2.09446e-10	0.0664351
2.11096e-10	0.0129104
2.12745e-10	-0.0437742
2.14394e-10	-0.103024
2.16043e-10	-0.164176
2.17692e-10	-0.226508
2.19342e-10	-0.289249
2.20991e-10	-0.351581
2.2264e-10	-0.412661
2.24289e-10	-0.471621
2.25938e-10	-0.527589
2.27588e-10	-0.5797
2.29237e-10	-0.627105
2.30886e-10	-0.668993
2.32535e-10	-0.704596
2.34184e-10	-0.733208
2.35833e-10	-0.754197
2.37483e-10	-0.767015
2.39132e-10	-0.771212
2.40781e-10	-0.766443
2.4243e-10	-0.75248
2.44079e-10	-0.729214
2.45729e-10	-0.696667
2.47378e-10	-0.654989
2.49027e-10	-0.60446
2.50676e-10	-0.545496
2.52325e-10	-0.478635
2.53974e-10	-0.404543
2.55624e-10	-0.323996
2.57273e-10	-0.237882
2.58922e-10	-0.14718
2.60571e-10	-0.0529544
2.6222e-10	0.0436637
2.6387e-10	0.14149
2.65519e-10	0.239305
2.67168e-10	0.335872
2.68817e-10	0.42995
2.70466e-10	0.520323
2.72116e-10	0.605806
2.73765e-10	0.685271
2.75414e-10	0.757662
2.77063e-10	0.822011
2.78712e-10	0.877453
2.80361e-10	0.923238
2.82011e-10	0.958747
2.8366e-10	0.983496
2.85309e-10	0.99715
2.86958e-10	0.999521
2.88607e-10	0.990578
2.90257e-10	0.970443
2.91906e-10	0.939389
2.93555e-10	0.897839
2.95204e-10	0.846357
2.96853e-10	0.785639
2.98502e-10	0.716503
3.00152e-10	0.639877
3.01801e-10	0.55678
3.0345e-10	0.468314
3.05099e-10	0.37564
3.06748e-10	0.279966
3.08398e-10	0.182522
3.10047e-10	0.0845507
3.11696e-10	-0.01272
3.13345e-10	-0.108089
3.14994e-10	-0.2004
3.16644e-10	-0.288559
3.18293e-10	-0.371551
3.19942e-10	-0.448447
3.21591e-10	-0.518424
3.2324e-10	-0.580768
3.24889e-10	-0.634886
3.26539e-10	-0.680312
3.28188e-10	-0.716709
3.29837e-10	-0.743871
3.31486e-10	-0.761724
3.33135e-10	-0.770322
3.34785e-10	-0.769844
3.36434e-10	-0.760587
3.38083e-10	-0.742958
3.39732e-10	-0.717466
3.41381e-10	-0.684708
3.4303e-10	-0.645362
3.4468e-10	-0.600171
3.46329e-10	-0.549929
3.47978e-10	-0.495472
3.49627e-10	-0.437658
3.51276e-10	-0.37736
3.52926e-10	-0.315448
3.54575e-10	-0.252777
3.56224e-10	-0.190177
3.57873e-10	-0.128439
3.59522e-10	-0.0683092
3.61172e-10	-0.0104742
3.62821e-10	0.0444416
3.6447e-10	0.0958844
3.66119e-10	0.143376
3.67768e-10	0.186516
3.69417e-10	0.224985
3.71067e-10	0.258545
3.72716e-10	0.28704
3.74365e-10	0.310391
3.76014e-10	0.328596
3.77663e-10	0.341724
3.79313e-10	0.349911
3.80962e-10	0.353354
3.82611e-10	0.352305
3.8426e-10	0.347063
3.85909e-10	0.337967
3.87558e-10	0.32539
3.89208e-10	0.309729
3.90857e-10	0.291398
3.92506e-10	0.270825
3.94155e-10	0.248436
3.95804e-10	0.224657
3.97454e-10	0.199904
3.99103e-10	0.174577
4.00752e-10	0.149056
4.02401e-10	0.123696
4.0405e-10	0.0988251
4.057e-10	0.0747383
4.07349e-10	0.0516983
4.08998e-10	0.0299325
4.10647e-10	0.00963238
4.12296e-10	-0.00904662
4.13945e-10	-0.0259848
4.15595e-10	-0.0410973
4.17244e-10	-0.0543325
4.18893e-10	-0.0656705
4.20542e-10	-0.0751205
4.22191e-10	-0.0827185
4.23841e-10	-0.0885246
4.2549e-10	-0.09262
4.27139e-10	-0.0951036
4.28788e-10	-0.0960897
4.30437e-10	-0.0957042
4.32086e-10	-0.0940819
4.33736e-10	-0.0913638
4.35385e-10	-0.0876938
4.37034e-10	-0.0832168
4.38683e-10	-0.0780758
4.40332e-10	-0.0724102
4.41982e-10	-0.0663539
4.43631e-10	-0.0600333
4.4528e-10	-0.0535666
4.46929e-10	-0.0470622
4.48578e-10	-0.0406182
4.50228e-10	-0.0343219
4.51877e-10	-0.0282492
4.53526e-10	-0.0224649
4.55175e-10	-0.0170223
4.56824e-10	-0.011964
4.58473e-10	-0.00732212
4.60123e-10	-0.00311878
4.61772e-10	0.00063309
4.63421e-10	0.003929
4.6507e-10	0.00677209
4.66719e-10	0.00917223
4.68369e-10	0.0111451
4.70018e-10	0.0127115
4.71667e-10	0.013896
4.73316e-10	0.0147265
4.74965e-10	0.0152333
4.76614e-10	0.0154482
4.78264e-10	0.015404
4.79913e-10	0.0151337
4.81562e-10	0.0146698
4.83211e-10	0.0140441
4.8486e-10	0.0132871
4.8651e-10	0.0124276
4.88159e-10	0.0114924
4.89808e-10	0.0105064
4.91457e-10	0.00949189
4.93106e-10	0.00846897
4.94756e-10	0.00745517
4.96405e-10	0.00646564
4.98054e-10	0.00551311
4.99703e-10	0.00460803
5.01352e-10	0.00375863
5.03001e-10	0.00297113
5.04651e-10	0.00224985
5.063e-10	0.00159738
5.07949e-10	0.00101481
5.09598e-10	0.000501857
5.11247e-10	5.71079e-05
5.12897e-10	-0.000321842
5.14546e-10	-0.000638193
5.16195e-10	-0.000895773
5.17844e-10	-0.00109889
5.19493e-10	-0.00125218
5.21142e-10	-0.00136048
5.22792e-10	-0.00142871
5.24441e-10	-0.00146178
5.2609e-10	-0.0014645
5.27739e-10	-0.00144148
5.29388e-10	-0.00139713
5.31038e-10	-0.00133556
5.32687e-10	-0.00126056
5.34336e-10	-0.00117559
5.35985e-10	-0.00108375
5.37634e-10	-0.000987801
5.39284e-10	-0.000890131
5.40933e-10	-0.000792791
5.42582e-10	-0.000697501
5.44231e-10	-0.000605669
5.4588e-10	-0.000518412
5.47529e-10	-0.000436584
5.49179e-10	-0.000360795
5.50828e-10	-0.000291445
5.52477e-10	-0.000228744
5.54126e-10	-0.000172742
5.55775e-10	-0.000123351
5.57425e-10	-8.03743e-05
5.59074e-10	-4.35214e-05
5.60723e-10	-1.2434e-05
5.62372e-10	1.32975e-05
5.64021e-10	3.41172e-05
5.6567e-10	5.04891e-05
5.6732e-10	6.28844e-05
5.68969e-10	7.17709e-05
5.70618e-10	7.76041e-05
5.72267e-10	8.08205e-05
