8.24593e-13	8.06468e-05
2.47378e-12	7.72335e-05
4.12296e-12	7.11688e-05
5.77215e-12	6.20144e-05
7.42133e-12	4.93136e-05
9.07052e-12	3.25979e-05
1.07197e-11	1.13962e-05
1.23689e-11	-1.47543e-05
1.40181e-11	-4.62954e-05
1.56673e-11	-8.36333e-05
1.73164e-11	-0.000127122
1.89656e-11	-0.000177043
2.06148e-11	-0.000233588
2.2264e-11	-0.000296834
2.39132e-11	-0.000366717
2.55624e-11	-0.000443014
2.72116e-11	-0.000525309
2.88607e-11	-0.000612973
3.05099e-11	-0.000705132
3.21591e-11	-0.000800645
3.38083e-11	-0.00089808
3.54575e-11	-0.000995692
3.71067e-11	-0.0010914
3.87558e-11	-0.00118279
4.0405e-11	-0.00126707
4.20542e-11	-0.00134111
4.37034e-11	-0.00140143
4.53526e-11	-0.00144421
4.70018e-11	-0.0014653
4.8651e-11	-0.00146029
5.03001e-11	-0.00142454
5.19493e-11	-0.00135324
5.35985e-11	-0.00124147
5.52477e-11	-0.00108431
5.68969e-11	-0.000876937
5.85461e-11	-0.000614737
6.01953e-11	-0.000293435
6.18444e-11	9.07514e-05
6.34936e-11	0.000540964
6.51428e-11	0.00105953
6.6792e-11	0.00164779
6.84412e-11	0.00230591
7.00904e-11	0.0030327
7.17395e-11	0.00382541
7.33887e-11	0.00467959
7.50379e-11	0.00558886
7.66871e-11	0.00654482
7.83363e-11	0.00753683
7.99855e-11	0.00855196
8.16347e-11	0.00957489
8.32838e-11	0.0105878
8.4933e-11	0.0115706
8.65822e-11	0.0125006
8.82314e-11	0.0133528
8.98806e-11	0.0141003
9.15298e-11	0.014714
9.3179e-11	0.0151633
9.48281e-11	0.0154165
9.64773e-11	0.0154409
9.81265e-11	0.0152034
9.97757e-11	0.0146715
1.01425e-10	0.0138133
1.03074e-10	0.0125988
1.04723e-10	0.0110003
1.06372e-10	0.0089934
1.08022e-10	0.00655778
1.09671e-10	0.00367819
1.1132e-10	0.000345248
1.12969e-10	-0.00344358
1.14618e-10	-0.00768316
1.16268e-10	-0.0123598
1.17917e-10	-0.0174507
1.19566e-10	-0.0229227
1.21215e-10	-0.0287327
1.22864e-10	-0.0348261
1.24513e-10	-0.0411374
1.26163e-10	-0.0475897
1.27812e-10	-0.0540949
1.29461e-10	-0.0605539
1.3111e-10	-0.0668575
1.32759e-10	-0.0728869
1.34409e-10	-0.0785149
1.36058e-10	-0.0836072
1.37707e-10	-0.0880241
1.39356e-10	-0.0916221
1.41005e-10	-0.0942566
1.42655e-10	-0.0957835
1.44304e-10	-0.0960625
1.45953e-10	-0.0949593
1.47602e-10	-0.0923488
1.49251e-10	-0.0881179
1.509e-10	-0.082169
1.5255e-10	-0.0744224
1.54199e-10	-0.06482
1.55848e-10	-0.0533279
1.57497e-10	-0.0399389
1.59146e-10	-0.0246757
1.60796e-10	-0.00759248
1.62445e-10	0.0112232
1.64094e-10	0.0316487
1.65743e-10	0.0535257
1.67392e-10	0.0766597
1.69041e-10	0.100821
1.70691e-10	0.125743
1.7234e-10	0.151128
1.73989e-10	0.176647
1.75638e-10	0.201942
1.77287e-10	0.226631
1.78937e-10	0.250312
1.80586e-10	0.27257
1.82235e-10	0.292977
1.83884e-10	0.311107
1.85533e-10	0.326533
1.87183e-10	0.338842
1.88832e-10	0.347638
1.90481e-10	0.352551
1.9213e-10	0.353246
1.93779e-10	0.349426
1.95428e-10	0.340844
1.97078e-10	0.327308
1.98727e-10	0.308687
2.00376e-10	0.284916
2.02025e-10	0.256006
2.03674e-10	0.222039
2.05324e-10	0.183181
2.06973e-10	0.139674
2.08622e-10	0.0918461
2.10271e-10	0.0401022
2.1192e-10	-0.0150725
2.13569e-10	-0.0731182
2.15219e-10	-0.133406
2.16868e-10	-0.195242
2.18517e-10	-0.257878
2.20166e-10	-0.320518
2.21815e-10	-0.382332
2.23465e-10	-0.44246
2.25114e-10	-0.500033
2.26763e-10	-0.55418
2.28412e-10	-0.604042
2.30061e-10	-0.648788
2.3171e-10	-0.687626
2.3336e-10	-0.719817
2.35009e-10	-0.744692
2.36658e-10	-0.761658
2.38307e-10	-0.770215
2.39956e-10	-0.769965
2.41606e-10	-0.76062
2.43255e-10	-0.742011
2.44904e-10	-0.714095
2.46553e-10	-0.676955
2.48202e-10	-0.630808
2.49852e-10	-0.576002
2.51501e-10	-0.513014
2.5315e-10	-0.442447
2.54799e-10	-0.365023
2.56448e-10	-0.281576
2.58097e-10	-0.19304
2.59747e-10	-0.100438
2.61396e-10	-0.00487148
2.63045e-10	0.0925015
2.64694e-10	0.190476
2.66343e-10	0.287822
2.67993e-10	0.383299
2.69642e-10	0.475675
2.71291e-10	0.563747
2.7294e-10	0.646359
2.74589e-10	0.722414
2.76238e-10	0.790899
2.77888e-10	0.850895
2.79537e-10	0.901594
2.81186e-10	0.942311
2.82835e-10	0.972491
2.84484e-10	0.991725
2.86134e-10	0.999752
2.87783e-10	0.99646
2.89432e-10	0.981896
2.91081e-10	0.956258
2.9273e-10	0.919894
2.9438e-10	0.873299
2.96029e-10	0.817104
2.97678e-10	0.752068
2.99327e-10	0.679065
3.00976e-10	0.59907
3.02625e-10	0.513147
3.04275e-10	0.422428
3.05924e-10	0.328101
3.07573e-10	0.231388
3.09222e-10	0.133525
3.10871e-10	0.0357518
3.12521e-10	-0.0607155
3.1417e-10	-0.154696
3.15819e-10	-0.245064
3.17468e-10	-0.330761
3.19117e-10	-0.410815
3.20766e-10	-0.484348
3.22416e-10	-0.55059
3.24065e-10	-0.608887
3.25714e-10	-0.65871
3.27363e-10	-0.699655
3.29012e-10	-0.731452
3.30662e-10	-0.753961
3.32311e-10	-0.767171
3.3396e-10	-0.771202
3.35609e-10	-0.76629
3.37258e-10	-0.75279
3.38908e-10	-0.73116
3.40557e-10	-0.701955
3.42206e-10	-0.665814
3.43855e-10	-0.623449
3.45504e-10	-0.57563
3.47153e-10	-0.523174
3.48803e-10	-0.46693
3.50452e-10	-0.407765
3.52101e-10	-0.346552
3.5375e-10	-0.284155
3.55399e-10	-0.221418
3.57049e-10	-0.159153
3.58698e-10	-0.098129
3.60347e-10	-0.0390642
3.61996e-10	0.0173849
3.63645e-10	0.0706288
3.65294e-10	0.120151
3.66944e-10	0.165511
3.68593e-10	0.206351
3.70242e-10	0.24239
3.71891e-10	0.273433
3.7354e-10	0.299361
3.7519e-10	0.320134
3.76839e-10	0.335788
3.78488e-10	0.346424
3.80137e-10	0.352211
3.81786e-10	0.353374
3.83436e-10	0.350188
3.85085e-10	0.342974
3.86734e-10	0.332089
3.88383e-10	0.317919
3.90032e-10	0.300871
3.91681e-10	0.281365
3.93331e-10	0.25983
3.9498e-10	0.236694
3.96629e-10	0.212377
3.98278e-10	0.187288
3.99927e-10	0.161818
4.01577e-10	0.136335
4.03226e-10	0.11118
4.04875e-10	0.0866665
4.06524e-10	0.0630724
4.08173e-10	0.0406433
4.09822e-10	0.0195887
4.11472e-10	8.19293e-05
4.13121e-10	-0.0177394
4.1477e-10	-0.0337732
4.16419e-10	-0.0479515
4.18068e-10	-0.0602387
4.19718e-10	-0.0706298
4.21367e-10	-0.0791478
4.23016e-10	-0.0858409
4.24665e-10	-0.0907803
4.26314e-10	-0.0940564
4.27964e-10	-0.0957762
4.29613e-10	-0.0960601
4.31262e-10	-0.095039
4.32911e-10	-0.0928509
4.3456e-10	-0.0896387
4.36209e-10	-0.0855471
4.37859e-10	-0.0807204
4.39508e-10	-0.0753001
4.41157e-10	-0.0694228
4.42806e-10	-0.0632191
4.44455e-10	-0.0568112
4.46105e-10	-0.0503127
4.47754e-10	-0.0438269
4.49403e-10	-0.0374466
4.51052e-10	-0.0312533
4.52701e-10	-0.0253174
4.5435e-10	-0.0196979
4.56e-10	-0.0144428
4.57649e-10	-0.0095894
4.59298e-10	-0.00516461
4.60947e-10	-0.00118594
4.62596e-10	0.00233801
4.64246e-10	0.00540668
4.65895e-10	0.00802667
4.67544e-10	0.0102109
4.69193e-10	0.0119777
4.70842e-10	0.0133498
4.72492e-10	0.0143536
4.74141e-10	0.0150184
4.7579e-10	0.0153752
4.77439e-10	0.0154565
4.79088e-10	0.0152951
4.80737e-10	0.0149239
4.82387e-10	0.0143752
4.84036e-10	0.0136802
4.85685e-10	0.0128684
4.87334e-10	0.0119678
4.88983e-10	0.0110043
4.90633e-10	0.0100014
4.92282e-10	0.00898033
4.93931e-10	0.00795992
4.9558e-10	0.00695652
4.97229e-10	0.00598404
4.98878e-10	0.00505407
5.00528e-10	0.00417593
5.02177e-10	0.00335683
5.03826e-10	0.00260201
5.05475e-10	0.00191491
5.07124e-10	0.00129734
5.08774e-10	0.000749692
5.10423e-10	0.000271087
5.12072e-10	-0.000140409
5.13721e-10	-0.000487616
5.1537e-10	-0.000774069
5.1702e-10	-0.00100386
5.18669e-10	-0.00118146
5.20318e-10	-0.00131165
5.21967e-10	-0.00139929
5.23616e-10	-0.00144934
5.25265e-10	-0.00146664
5.26915e-10	-0.00145593
5.28564e-10	-0.00142171
5.30213e-10	-0.00136826
5.31862e-10	-0.00129951
5.33511e-10	-0.00121912
5.35161e-10	-0.00113035
5.3681e-10	-0.00103613
5.38459e-10	-0.000939045
5.40108e-10	-0.000841305
5.41757e-10	-0.000744795
5.43406e-10	-0.000651076
5.45056e-10	-0.000561409
5.46705e-10	-0.000476776
5.48354e-10	-0.000397905
5.50003e-10	-0.000325298
5.51652e-10	-0.000259257
5.53302e-10	-0.000199908
5.54951e-10	-0.00014723
5.566e-10	-0.000101077
5.58249e-10	-6.12033e-05
5.59898e-10	-2.72816e-05
5.61548e-10	1.07408e-06
5.63197e-10	2.42926e-05
5.64846e-10	4.28297e-05
5.66495e-10	5.71544e-05
5.68144e-10	6.77374e-05
5.69793e-10	7.50413e-05
5.71443e-10	7.95131e-05
5.73092e-10	8.15771e-05
