0	8.14896e-05
4.38909e-13	8.11076e-05
8.77819e-13	8.05738e-05
1.31673e-12	7.98808e-05
1.75564e-12	7.90208e-05
2.19455e-12	7.79863e-05
2.63346e-12	7.67691e-05
3.07237e-12	7.53614e-05
3.51127e-12	7.37548e-05
3.95018e-12	7.19413e-05
4.38909e-12	6.99124e-05
4.828e-12	6.76596e-05
5.26691e-12	6.51743e-05
5.70582e-12	6.2448e-05
6.14473e-12	5.94718e-05
6.58364e-12	5.62371e-05
7.02255e-12	5.27349e-05
7.46146e-12	4.89565e-05
7.90037e-12	4.48929e-05
8.33928e-12	4.05352e-05
8.77819e-12	3.58746e-05
9.2171e-12	3.0902e-05
9.65601e-12	2.56088e-05
1.00949e-11	1.99859e-05
1.05338e-11	1.40248e-05
1.09727e-11	7.71671e-06
1.14116e-11	1.05304e-06
1.18506e-11	-5.97466e-06
1.22895e-11	-1.33747e-05
1.27284e-11	-2.11553e-05
1.31673e-11	-2.93245e-05
1.36062e-11	-3.789e-05
1.40451e-11	-4.68595e-05
1.4484e-11	-5.62403e-05
1.49229e-11	-6.60395e-05
1.53618e-11	-7.6264e-05
1.58007e-11	-8.69201e-05
1.62396e-11	-9.80141e-05
1.66786e-11	-0.000109552
1.71175e-11	-0.000121538
1.75564e-11	-0.000133979
1.79953e-11	-0.000146878
1.84342e-11	-0.00016024
1.88731e-11	-0.000174068
1.9312e-11	-0.000188366
1.97509e-11	-0.000203135
2.01898e-11	-0.000218377
2.06287e-11	-0.000234094
2.10676e-11	-0.000250287
2.15066e-11	-0.000266955
2.19455e-11	-0.000284097
2.23844e-11	-0.000301712
2.28233e-11	-0.000319797
2.32622e-11	-0.000338349
2.37011e-11	-0.000357365
2.414e-11	-0.000376838
2.45789e-11	-0.000396764
2.50178e-11	-0.000417134
2.54567e-11	-0.000437942
2.58957e-11	-0.000459179
2.63346e-11	-0.000480833
2.67735e-11	-0.000502895
2.72124e-11	-0.000525352
2.76513e-11	-0.00054819
2.80902e-11	-0.000571396
2.85291e-11	-0.000594952
2.8968e-11	-0.000618842
2.94069e-11	-0.000643047
2.98458e-11	-0.000667548
3.02847e-11	-0.000692322
3.07237e-11	-0.000717348
3.11626e-11	-0.000742601
3.16015e-11	-0.000768056
3.20404e-11	-0.000793686
3.24793e-11	-0.000819461
3.29182e-11	-0.000845352
3.33571e-11	-0.000871327
3.3796e-11	-0.000897352
3.42349e-11	-0.000923393
3.46738e-11	-0.000949412
3.51127e-11	-0.000975371
3.55517e-11	-0.00100123
3.59906e-11	-0.00102695
3.64295e-11	-0.00105248
3.68684e-11	-0.00107778
3.73073e-11	-0.0011028
3.77462e-11	-0.0011275
3.81851e-11	-0.00115182
3.8624e-11	-0.0011757
3.90629e-11	-0.00119911
3.95018e-11	-0.00122197
3.99407e-11	-0.00124424
4.03797e-11	-0.00126584
4.08186e-11	-0.00128673
4.12575e-11	-0.00130683
4.16964e-11	-0.00132609
4.21353e-11	-0.00134443
4.25742e-11	-0.00136179
4.30131e-11	-0.00137809
4.3452e-11	-0.00139327
4.38909e-11	-0.00140726
4.43298e-11	-0.00141997
4.47688e-11	-0.00143132
4.52077e-11	-0.00144126
4.56466e-11	-0.00144968
4.60855e-11	-0.00145651
4.65244e-11	-0.00146168
4.69633e-11	-0.00146509
4.74022e-11	-0.00146666
4.78411e-11	-0.0014663
4.828e-11	-0.00146393
4.87189e-11	-0.00145946
4.91578e-11	-0.0014528
4.95968e-11	-0.00144386
5.00357e-11	-0.00143254
5.04746e-11	-0.00141877
5.09135e-11	-0.00140244
5.13524e-11	-0.00138346
5.17913e-11	-0.00136175
5.22302e-11	-0.0013372
5.26691e-11	-0.00130972
5.3108e-11	-0.00127923
5.35469e-11	-0.00124563
5.39858e-11	-0.00120882
5.44248e-11	-0.00116871
5.48637e-11	-0.00112522
5.53026e-11	-0.00107824
5.57415e-11	-0.0010277
5.61804e-11	-0.000973501
5.66193e-11	-0.000915556
5.70582e-11	-0.000853779
5.74971e-11	-0.000788086
5.7936e-11	-0.000718394
5.83749e-11	-0.000644622
5.88139e-11	-0.000566692
5.92528e-11	-0.000484526
5.96917e-11	-0.000398052
6.01306e-11	-0.000307197
6.05695e-11	-0.000211895
6.10084e-11	-0.000112081
6.14473e-11	-7.69152e-06
6.18862e-11	0.00010133
6.23251e-11	0.000215037
6.2764e-11	0.000333479
6.32029e-11	0.000456704
6.36419e-11	0.00058475
6.40808e-11	0.000717656
6.45197e-11	0.00085545
6.49586e-11	0.000998161
6.53975e-11	0.00114581
6.58364e-11	0.0012984
6.62753e-11	0.00145596
6.67142e-11	0.00161848
6.71531e-11	0.00178595
6.7592e-11	0.00195837
6.80309e-11	0.00213572
6.84699e-11	0.00231797
6.89088e-11	0.00250509
6.93477e-11	0.00269704
6.97866e-11	0.00289377
7.02255e-11	0.00309522
7.06644e-11	0.00330133
7.11033e-11	0.00351202
7.15422e-11	0.00372722
7.19811e-11	0.00394682
7.242e-11	0.00417073
7.28589e-11	0.00439884
7.32979e-11	0.00463102
7.37368e-11	0.00486714
7.41757e-11	0.00510706
7.46146e-11	0.00535063
7.50535e-11	0.00559769
7.54924e-11	0.00584806
7.59313e-11	0.00610155
7.63702e-11	0.00635798
7.68091e-11	0.00661713
7.7248e-11	0.00687878
7.7687e-11	0.00714271
7.81259e-11	0.00740867
7.85648e-11	0.00767641
7.90037e-11	0.00794565
7.94426e-11	0.00821614
7.98815e-11	0.00848756
8.03204e-11	0.00875962
8.07593e-11	0.009032
8.11982e-11	0.00930439
8.16371e-11	0.00957643
8.2076e-11	0.00984777
8.2515e-11	0.0101181
8.29539e-11	0.0103869
8.33928e-11	0.0106539
8.38317e-11	0.0109187
8.42706e-11	0.0111809
8.47095e-11	0.01144
8.51484e-11	0.0116956
8.55873e-11	0.0119472
8.60262e-11	0.0121945
8.64651e-11	0.0124368
8.6904e-11	0.0126738
8.7343e-11	0.0129049
8.77819e-11	0.0131297
8.82208e-11	0.0133476
8.86597e-11	0.0135581
8.90986e-11	0.0137607
8.95375e-11	0.0139548
8.99764e-11	0.0141399
9.04153e-11	0.0143153
9.08542e-11	0.0144807
9.12931e-11	0.0146353
9.17321e-11	0.0147786
9.2171e-11	0.0149099
9.26099e-11	0.0150288
9.30488e-11	0.0151346
9.34877e-11	0.0152266
9.39266e-11	0.0153044
9.43655e-11	0.0153672
9.48044e-11	0.0154144
9.52433e-11	0.0154455
9.56822e-11	0.0154598
9.61211e-11	0.0154566
9.65601e-11	0.0154355
9.6999e-11	0.0153956
9.74379e-11	0.0153365
9.78768e-11	0.0152575
9.83157e-11	0.015158
9.87546e-11	0.0150373
9.91935e-11	0.0148949
9.96324e-11	0.0147302
1.00071e-10	0.0145425
1.0051e-10	0.0143314
1.00949e-10	0.0140962
1.01388e-10	0.0138363
1.01827e-10	0.0135512
1.02266e-10	0.0132403
1.02705e-10	0.0129032
1.03144e-10	0.0125393
1.03583e-10	0.0121481
1.04022e-10	0.0117291
1.0446e-10	0.0112818
1.04899e-10	0.0108059
1.05338e-10	0.0103009
1.05777e-10	0.00976629
1.06216e-10	0.00920181
1.06655e-10	0.00860706
1.07094e-10	0.0079817
1.07533e-10	0.00732543
1.07972e-10	0.00663796
1.08411e-10	0.00591904
1.0885e-10	0.00516845
1.09288e-10	0.00438598
1.09727e-10	0.00357148
1.10166e-10	0.00272482
1.10605e-10	0.0018459
1.11044e-10	0.000934666
1.11483e-10	-8.90518e-06
1.11922e-10	-0.000984799
1.12361e-10	-0.00199296
1.128e-10	-0.00303329
1.13239e-10	-0.00410566
1.13678e-10	-0.00520989
1.14116e-10	-0.00634576
1.14555e-10	-0.00751299
1.14994e-10	-0.00871129
1.15433e-10	-0.00994028
1.15872e-10	-0.0111996
1.16311e-10	-0.0124887
1.1675e-10	-0.0138072
1.17189e-10	-0.0151544
1.17628e-10	-0.0165298
1.18067e-10	-0.0179328
1.18506e-10	-0.0193626
1.18944e-10	-0.0208184
1.19383e-10	-0.0222994
1.19822e-10	-0.0238049
1.20261e-10	-0.0253337
1.207e-10	-0.026885
1.21139e-10	-0.0284578
1.21578e-10	-0.0300509
1.22017e-10	-0.0316632
1.22456e-10	-0.0332934
1.22895e-10	-0.0349404
1.23334e-10	-0.0366028
1.23772e-10	-0.0382792
1.24211e-10	-0.0399682
1.2465e-10	-0.0416683
1.25089e-10	-0.043378
1.25528e-10	-0.0450956
1.25967e-10	-0.0468195
1.26406e-10	-0.0485481
1.26845e-10	-0.0502794
1.27284e-10	-0.0520117
1.27723e-10	-0.0537432
1.28162e-10	-0.0554718
1.286e-10	-0.0571956
1.29039e-10	-0.0589126
1.29478e-10	-0.0606208
1.29917e-10	-0.0623178
1.30356e-10	-0.0640017
1.30795e-10	-0.0656701
1.31234e-10	-0.0673207
1.31673e-10	-0.0689514
1.32112e-10	-0.0705597
1.32551e-10	-0.0721431
1.3299e-10	-0.0736994
1.33428e-10	-0.0752259
1.33867e-10	-0.0767203
1.34306e-10	-0.0781799
1.34745e-10	-0.0796022
1.35184e-10	-0.0809846
1.35623e-10	-0.0823245
1.36062e-10	-0.0836192
1.36501e-10	-0.084866
1.3694e-10	-0.0860623
1.37379e-10	-0.0872054
1.37818e-10	-0.0882925
1.38256e-10	-0.089321
1.38695e-10	-0.0902881
1.39134e-10	-0.091191
1.39573e-10	-0.092027
1.40012e-10	-0.0927934
1.40451e-10	-0.0934875
1.4089e-10	-0.0941066
1.41329e-10	-0.0946479
1.41768e-10	-0.0951088
1.42207e-10	-0.0954865
1.42646e-10	-0.0957785
1.43084e-10	-0.0959821
1.43523e-10	-0.0960948
1.43962e-10	-0.0961139
1.44401e-10	-0.096037
1.4484e-10	-0.0958617
1.45279e-10	-0.0955854
1.45718e-10	-0.0952058
1.46157e-10	-0.0947206
1.46596e-10	-0.0941276
1.47035e-10	-0.0934244
1.47474e-10	-0.0926091
1.47912e-10	-0.0916795
1.48351e-10	-0.0906337
1.4879e-10	-0.0894697
1.49229e-10	-0.0881857
1.49668e-10	-0.08678
1.50107e-10	-0.085251
1.50546e-10	-0.0835971
1.50985e-10	-0.0818168
1.51424e-10	-0.0799089
1.51863e-10	-0.077872
1.52302e-10	-0.0757051
1.5274e-10	-0.0734071
1.53179e-10	-0.0709772
1.53618e-10	-0.0684145
1.54057e-10	-0.0657185
1.54496e-10	-0.0628886
1.54935e-10	-0.0599245
1.55374e-10	-0.0568259
1.55813e-10	-0.0535928
1.56252e-10	-0.0502251
1.56691e-10	-0.0467231
1.5713e-10	-0.0430871
1.57568e-10	-0.0393177
1.58007e-10	-0.0354155
1.58446e-10	-0.0313812
1.58885e-10	-0.027216
1.59324e-10	-0.0229209
1.59763e-10	-0.0184973
1.60202e-10	-0.0139466
1.60641e-10	-0.00927047
1.6108e-10	-0.00447077
1.61519e-10	0.000450503
1.61958e-10	0.00549118
1.62396e-10	0.0106489
1.62835e-10	0.0159211
1.63274e-10	0.0213051
1.63713e-10	0.0267981
1.64152e-10	0.0323968
1.64591e-10	0.0380981
1.6503e-10	0.0438986
1.65469e-10	0.0497945
1.65908e-10	0.0557821
1.66347e-10	0.0618575
1.66786e-10	0.0680164
1.67224e-10	0.0742545
1.67663e-10	0.0805673
1.68102e-10	0.0869501
1.68541e-10	0.093398
1.6898e-10	0.099906
1.69419e-10	0.106469
1.69858e-10	0.113081
1.70297e-10	0.119738
1.70736e-10	0.126432
1.71175e-10	0.133159
1.71614e-10	0.139912
1.72052e-10	0.146685
1.72491e-10	0.153473
1.7293e-10	0.160267
1.73369e-10	0.167062
1.73808e-10	0.173852
1.74247e-10	0.180628
1.74686e-10	0.187385
1.75125e-10	0.194114
1.75564e-10	0.20081
1.76003e-10	0.207464
1.76442e-10	0.214069
1.7688e-10	0.220617
1.77319e-10	0.227101
1.77758e-10	0.233513
1.78197e-10	0.239846
1.78636e-10	0.246091
1.79075e-10	0.252241
1.79514e-10	0.258288
1.79953e-10	0.264223
1.80392e-10	0.270039
1.80831e-10	0.275727
1.8127e-10	0.28128
1.81708e-10	0.28669
1.82147e-10	0.291947
1.82586e-10	0.297045
1.83025e-10	0.301975
1.83464e-10	0.306729
1.83903e-10	0.311299
1.84342e-10	0.315677
1.84781e-10	0.319856
1.8522e-10	0.323827
1.85659e-10	0.327583
1.86098e-10	0.331115
1.86536e-10	0.334417
1.86975e-10	0.337481
1.87414e-10	0.340299
1.87853e-10	0.342864
1.88292e-10	0.34517
1.88731e-10	0.347208
1.8917e-10	0.348974
1.89609e-10	0.350458
1.90048e-10	0.351656
1.90487e-10	0.352561
1.90926e-10	0.353167
1.91364e-10	0.353468
1.91803e-10	0.353458
1.92242e-10	0.353132
1.92681e-10	0.352485
1.9312e-10	0.351511
1.93559e-10	0.350207
1.93998e-10	0.348567
1.94437e-10	0.346587
1.94876e-10	0.344264
1.95315e-10	0.341594
1.95754e-10	0.338573
1.96192e-10	0.335198
1.96631e-10	0.331468
1.9707e-10	0.327379
1.97509e-10	0.32293
1.97948e-10	0.318118
1.98387e-10	0.312943
1.98826e-10	0.307404
1.99265e-10	0.301499
1.99704e-10	0.295228
2.00143e-10	0.288593
2.00582e-10	0.281592
2.0102e-10	0.274227
2.01459e-10	0.2665
2.01898e-10	0.258411
2.02337e-10	0.249963
2.02776e-10	0.241158
2.03215e-10	0.232
2.03654e-10	0.22249
2.04093e-10	0.212634
2.04532e-10	0.202434
2.04971e-10	0.191896
2.0541e-10	0.181024
2.05848e-10	0.169823
2.06287e-10	0.158299
2.06726e-10	0.146459
2.07165e-10	0.134308
2.07604e-10	0.121853
2.08043e-10	0.109103
2.08482e-10	0.0960637
2.08921e-10	0.0827442
2.0936e-10	0.0691527
2.09799e-10	0.0552982
2.10238e-10	0.0411898
2.10676e-10	0.0268373
2.11115e-10	0.0122506
2.11554e-10	-0.00255977
2.11993e-10	-0.0175831
2.12432e-10	-0.0328084
2.12871e-10	-0.0482241
2.1331e-10	-0.0638183
2.13749e-10	-0.079579
2.14188e-10	-0.0954937
2.14627e-10	-0.11155
2.15066e-10	-0.127734
2.15504e-10	-0.144032
2.15943e-10	-0.160432
2.16382e-10	-0.176919
2.16821e-10	-0.193479
2.1726e-10	-0.210097
2.17699e-10	-0.226759
2.18138e-10	-0.24345
2.18577e-10	-0.260155
2.19016e-10	-0.276858
2.19455e-10	-0.293544
2.19894e-10	-0.310198
2.20332e-10	-0.326802
2.20771e-10	-0.343343
2.2121e-10	-0.359802
2.21649e-10	-0.376165
2.22088e-10	-0.392415
2.22527e-10	-0.408535
2.22966e-10	-0.42451
2.23405e-10	-0.440322
2.23844e-10	-0.455956
2.24283e-10	-0.471394
2.24722e-10	-0.486621
2.2516e-10	-0.501619
2.25599e-10	-0.516373
2.26038e-10	-0.530866
2.26477e-10	-0.545082
2.26916e-10	-0.559005
2.27355e-10	-0.572619
2.27794e-10	-0.585908
2.28233e-10	-0.598855
2.28672e-10	-0.611447
2.29111e-10	-0.623667
2.2955e-10	-0.6355
2.29988e-10	-0.646931
2.30427e-10	-0.657946
2.30866e-10	-0.668531
2.31305e-10	-0.67867
2.31744e-10	-0.688351
2.32183e-10	-0.697559
2.32622e-10	-0.706283
2.33061e-10	-0.714508
2.335e-10	-0.722223
2.33939e-10	-0.729416
2.34378e-10	-0.736074
2.34816e-10	-0.742187
2.35255e-10	-0.747744
2.35694e-10	-0.752734
2.36133e-10	-0.757149
2.36572e-10	-0.760978
2.37011e-10	-0.764212
2.3745e-10	-0.766843
2.37889e-10	-0.768864
2.38328e-10	-0.770267
2.38767e-10	-0.771045
2.39206e-10	-0.771192
2.39644e-10	-0.770703
2.40083e-10	-0.769572
2.40522e-10	-0.767795
2.40961e-10	-0.765368
2.414e-10	-0.762287
2.41839e-10	-0.758552
2.42278e-10	-0.754158
2.42717e-10	-0.749105
2.43156e-10	-0.743392
2.43595e-10	-0.737019
2.44034e-10	-0.729986
2.44472e-10	-0.722295
2.44911e-10	-0.713948
2.4535e-10	-0.704947
2.45789e-10	-0.695295
2.46228e-10	-0.684996
2.46667e-10	-0.674054
2.47106e-10	-0.662476
2.47545e-10	-0.650266
2.47984e-10	-0.637431
2.48423e-10	-0.623978
2.48862e-10	-0.609915
2.49301e-10	-0.59525
2.49739e-10	-0.579993
2.50178e-10	-0.564153
2.50617e-10	-0.547741
2.51056e-10	-0.530767
2.51495e-10	-0.513244
2.51934e-10	-0.495183
2.52373e-10	-0.476597
2.52812e-10	-0.457499
2.53251e-10	-0.437904
2.5369e-10	-0.417827
2.54129e-10	-0.397281
2.54567e-10	-0.376283
2.55006e-10	-0.35485
2.55445e-10	-0.332997
2.55884e-10	-0.310742
2.56323e-10	-0.288103
2.56762e-10	-0.265097
2.57201e-10	-0.241744
2.5764e-10	-0.218063
2.58079e-10	-0.194072
2.58518e-10	-0.169792
2.58957e-10	-0.145244
2.59395e-10	-0.120446
2.59834e-10	-0.095422
2.60273e-10	-0.0701914
2.60712e-10	-0.0447762
2.61151e-10	-0.0191984
2.6159e-10	0.00652007
2.62029e-10	0.0323568
2.62468e-10	0.0582892
2.62907e-10	0.0842945
2.63346e-10	0.11035
2.63785e-10	0.136432
2.64223e-10	0.162518
2.64662e-10	0.188585
2.65101e-10	0.214609
2.6554e-10	0.240567
2.65979e-10	0.266435
2.66418e-10	0.29219
2.66857e-10	0.317808
2.67296e-10	0.343267
2.67735e-10	0.368543
2.68174e-10	0.393613
2.68613e-10	0.418453
2.69051e-10	0.443041
2.6949e-10	0.467355
2.69929e-10	0.491371
2.70368e-10	0.515067
2.70807e-10	0.538422
2.71246e-10	0.561413
2.71685e-10	0.584019
2.72124e-10	0.60622
2.72563e-10	0.627993
2.73002e-10	0.649318
2.73441e-10	0.670176
2.73879e-10	0.690547
2.74318e-10	0.710411
2.74757e-10	0.72975
2.75196e-10	0.748545
2.75635e-10	0.766779
2.76074e-10	0.784434
2.76513e-10	0.801493
2.76952e-10	0.81794
2.77391e-10	0.833759
2.7783e-10	0.848936
2.78269e-10	0.863456
2.78707e-10	0.877304
2.79146e-10	0.890467
2.79585e-10	0.902934
2.80024e-10	0.914692
2.80463e-10	0.925729
2.80902e-10	0.936035
2.81341e-10	0.9456
2.8178e-10	0.954414
2.82219e-10	0.962471
2.82658e-10	0.96976
2.83097e-10	0.976277
2.83535e-10	0.982013
2.83974e-10	0.986964
2.84413e-10	0.991125
2.84852e-10	0.994492
2.85291e-10	0.997062
2.8573e-10	0.998832
2.86169e-10	0.9998
2.86608e-10	0.999965
2.87047e-10	0.999328
2.87486e-10	0.997889
2.87925e-10	0.995649
2.88363e-10	0.992611
2.88802e-10	0.988777
2.89241e-10	0.984152
2.8968e-10	0.978739
2.90119e-10	0.972543
2.90558e-10	0.965572
2.90997e-10	0.957831
2.91436e-10	0.949328
2.91875e-10	0.940072
2.92314e-10	0.93007
2.92753e-10	0.919334
2.93191e-10	0.907872
2.9363e-10	0.895697
2.94069e-10	0.882819
2.94508e-10	0.869252
2.94947e-10	0.855008
2.95386e-10	0.840101
2.95825e-10	0.824545
2.96264e-10	0.808355
2.96703e-10	0.791546
2.97142e-10	0.774135
2.97581e-10	0.756138
2.98019e-10	0.737573
2.98458e-10	0.718456
2.98897e-10	0.698806
2.99336e-10	0.678642
2.99775e-10	0.657983
3.00214e-10	0.636848
3.00653e-10	0.615257
3.01092e-10	0.593231
3.01531e-10	0.57079
3.0197e-10	0.547955
3.02409e-10	0.524747
3.02847e-10	0.501189
3.03286e-10	0.477302
3.03725e-10	0.453109
3.04164e-10	0.428631
3.04603e-10	0.403892
3.05042e-10	0.378914
3.05481e-10	0.353721
3.0592e-10	0.328335
3.06359e-10	0.302779
3.06798e-10	0.277078
3.07237e-10	0.251253
3.07675e-10	0.22533
3.08114e-10	0.19933
3.08553e-10	0.173278
3.08992e-10	0.147198
3.09431e-10	0.121111
3.0987e-10	0.0950414
3.10309e-10	0.0690127
3.10748e-10	0.0430474
3.11187e-10	0.0171685
3.11626e-10	-0.0086015
3.12065e-10	-0.0342401
3.12503e-10	-0.059725
3.12942e-10	-0.0850344
3.13381e-10	-0.110147
3.1382e-10	-0.13504
3.14259e-10	-0.159694
3.14698e-10	-0.184087
3.15137e-10	-0.208199
3.15576e-10	-0.232011
3.16015e-10	-0.255502
3.16454e-10	-0.278653
3.16893e-10	-0.301445
3.17331e-10	-0.323861
3.1777e-10	-0.345882
3.18209e-10	-0.367491
3.18648e-10	-0.38867
3.19087e-10	-0.409404
3.19526e-10	-0.429677
3.19965e-10	-0.449473
3.20404e-10	-0.468777
3.20843e-10	-0.487576
3.21282e-10	-0.505855
3.21721e-10	-0.523602
3.22159e-10	-0.540804
3.22598e-10	-0.55745
3.23037e-10	-0.573527
3.23476e-10	-0.589026
3.23915e-10	-0.603936
3.24354e-10	-0.618248
3.24793e-10	-0.631954
3.25232e-10	-0.645045
3.25671e-10	-0.657513
3.2611e-10	-0.669353
3.26549e-10	-0.680558
3.26987e-10	-0.691123
3.27426e-10	-0.701042
3.27865e-10	-0.710313
3.28304e-10	-0.71893
3.28743e-10	-0.726892
3.29182e-10	-0.734196
3.29621e-10	-0.740842
3.3006e-10	-0.746827
3.30499e-10	-0.752153
3.30938e-10	-0.756818
3.31377e-10	-0.760825
3.31815e-10	-0.764176
3.32254e-10	-0.766872
3.32693e-10	-0.768917
3.33132e-10	-0.770314
3.33571e-10	-0.771068
3.3401e-10	-0.771183
3.34449e-10	-0.770664
3.34888e-10	-0.769518
3.35327e-10	-0.767752
3.35766e-10	-0.765371
3.36205e-10	-0.762385
3.36643e-10	-0.7588
3.37082e-10	-0.754626
3.37521e-10	-0.749873
3.3796e-10	-0.744548
3.38399e-10	-0.738663
3.38838e-10	-0.732229
3.39277e-10	-0.725255
3.39716e-10	-0.717754
3.40155e-10	-0.709738
3.40594e-10	-0.701219
3.41033e-10	-0.692209
3.41471e-10	-0.682721
3.4191e-10	-0.672769
3.42349e-10	-0.662367
3.42788e-10	-0.651528
3.43227e-10	-0.640267
3.43666e-10	-0.628597
3.44105e-10	-0.616535
3.44544e-10	-0.604095
3.44983e-10	-0.591293
3.45422e-10	-0.578143
3.45861e-10	-0.564661
3.46299e-10	-0.550864
3.46738e-10	-0.536767
3.47177e-10	-0.522386
3.47616e-10	-0.507738
3.48055e-10	-0.492838
3.48494e-10	-0.477704
3.48933e-10	-0.462351
3.49372e-10	-0.446796
3.49811e-10	-0.431055
3.5025e-10	-0.415146
3.50689e-10	-0.399084
3.51127e-10	-0.382885
3.51566e-10	-0.366567
3.52005e-10	-0.350145
3.52444e-10	-0.333636
3.52883e-10	-0.317056
3.53322e-10	-0.300421
3.53761e-10	-0.283747
3.542e-10	-0.267049
3.54639e-10	-0.250343
3.55078e-10	-0.233644
3.55517e-10	-0.216968
3.55955e-10	-0.20033
3.56394e-10	-0.183744
3.56833e-10	-0.167226
3.57272e-10	-0.150788
3.57711e-10	-0.134446
3.5815e-10	-0.118213
3.58589e-10	-0.102103
3.59028e-10	-0.0861282
3.59467e-10	-0.0703024
3.59906e-10	-0.054638
3.60345e-10	-0.0391472
3.60783e-10	-0.023842
3.61222e-10	-0.00873394
3.61661e-10	0.00616567
3.621e-10	0.0208459
3.62539e-10	0.0352963
3.62978e-10	0.0495066
3.63417e-10	0.063467
3.63856e-10	0.0771682
3.64295e-10	0.090601
3.64734e-10	0.103757
3.65173e-10	0.116627
3.65611e-10	0.129205
3.6605e-10	0.141482
3.66489e-10	0.153451
3.66928e-10	0.165107
3.67367e-10	0.176441
3.67806e-10	0.18745
3.68245e-10	0.198126
3.68684e-10	0.208466
3.69123e-10	0.218465
3.69562e-10	0.228118
3.70001e-10	0.237422
3.70439e-10	0.246373
3.70878e-10	0.254968
3.71317e-10	0.263206
3.71756e-10	0.271082
3.72195e-10	0.278597
3.72634e-10	0.285748
3.73073e-10	0.292534
3.73512e-10	0.298956
3.73951e-10	0.305011
3.7439e-10	0.310701
3.74829e-10	0.316027
3.75267e-10	0.320988
3.75706e-10	0.325587
3.76145e-10	0.329824
3.76584e-10	0.333702
3.77023e-10	0.337223
3.77462e-10	0.34039
3.77901e-10	0.343204
3.7834e-10	0.34567
3.78779e-10	0.347791
3.79218e-10	0.349571
3.79657e-10	0.351014
3.80095e-10	0.352123
3.80534e-10	0.352904
3.80973e-10	0.353362
3.81412e-10	0.353502
3.81851e-10	0.353329
3.8229e-10	0.352848
3.82729e-10	0.352066
3.83168e-10	0.350988
3.83607e-10	0.349621
3.84046e-10	0.34797
3.84485e-10	0.346044
3.84923e-10	0.343847
3.85362e-10	0.341388
3.85801e-10	0.338674
3.8624e-10	0.33571
3.86679e-10	0.332506
3.87118e-10	0.329068
3.87557e-10	0.325403
3.87996e-10	0.32152
3.88435e-10	0.317426
3.88874e-10	0.31313
3.89313e-10	0.308638
3.89751e-10	0.303958
3.9019e-10	0.2991
3.90629e-10	0.294071
3.91068e-10	0.288878
3.91507e-10	0.28353
3.91946e-10	0.278036
3.92385e-10	0.272402
3.92824e-10	0.266638
3.93263e-10	0.260751
3.93702e-10	0.254749
3.94141e-10	0.248641
3.94579e-10	0.242434
3.95018e-10	0.236137
3.95457e-10	0.229756
3.95896e-10	0.223301
3.96335e-10	0.216778
3.96774e-10	0.210196
3.97213e-10	0.203561
3.97652e-10	0.196882
3.98091e-10	0.190165
3.9853e-10	0.183419
3.98969e-10	0.17665
3.99407e-10	0.169865
3.99846e-10	0.163072
4.00285e-10	0.156276
4.00724e-10	0.149485
4.01163e-10	0.142705
4.01602e-10	0.135943
4.02041e-10	0.129204
4.0248e-10	0.122496
4.02919e-10	0.115823
4.03358e-10	0.109192
4.03797e-10	0.102608
4.04235e-10	0.0960765
4.04674e-10	0.0896032
4.05113e-10	0.0831929
4.05552e-10	0.0768507
4.05991e-10	0.0705812
4.0643e-10	0.064389
4.06869e-10	0.0582787
4.07308e-10	0.0522544
4.07747e-10	0.0463201
4.08186e-10	0.0404798
4.08625e-10	0.0347372
4.09063e-10	0.0290957
4.09502e-10	0.0235588
4.09941e-10	0.0181294
4.1038e-10	0.0128107
4.10819e-10	0.00760545
4.11258e-10	0.00251619
4.11697e-10	-0.00245463
4.12136e-10	-0.00730475
4.12575e-10	-0.0120321
4.13014e-10	-0.0166348
4.13453e-10	-0.021111
4.13892e-10	-0.0254593
4.1433e-10	-0.0296783
4.14769e-10	-0.0337667
4.15208e-10	-0.0377235
4.15647e-10	-0.0415478
4.16086e-10	-0.0452389
4.16525e-10	-0.0487963
4.16964e-10	-0.0522194
4.17403e-10	-0.0555081
4.17842e-10	-0.0586622
4.18281e-10	-0.0616818
4.1872e-10	-0.064567
4.19158e-10	-0.0673182
4.19597e-10	-0.0699358
4.20036e-10	-0.0724204
4.20475e-10	-0.0747728
4.20914e-10	-0.0769937
4.21353e-10	-0.0790841
4.21792e-10	-0.0810451
4.22231e-10	-0.0828779
4.2267e-10	-0.0845838
4.23109e-10	-0.0861641
4.23548e-10	-0.0876205
4.23986e-10	-0.0889545
4.24425e-10	-0.0901678
4.24864e-10	-0.0912621
4.25303e-10	-0.0922395
4.25742e-10	-0.0931017
4.26181e-10	-0.0938509
4.2662e-10	-0.0944891
4.27059e-10	-0.0950185
4.27498e-10	-0.0954414
4.27937e-10	-0.09576
4.28376e-10	-0.0959768
4.28814e-10	-0.096094
4.29253e-10	-0.0961142
4.29692e-10	-0.0960398
4.30131e-10	-0.0958734
4.3057e-10	-0.0956175
4.31009e-10	-0.0952749
4.31448e-10	-0.094848
4.31887e-10	-0.0943395
4.32326e-10	-0.0937522
4.32765e-10	-0.0930888
4.33204e-10	-0.0923519
4.33642e-10	-0.0915442
4.34081e-10	-0.0906686
4.3452e-10	-0.0897276
4.34959e-10	-0.0887242
4.35398e-10	-0.0876609
4.35837e-10	-0.0865406
4.36276e-10	-0.085366
4.36715e-10	-0.0841396
4.37154e-10	-0.0828644
4.37593e-10	-0.0815428
4.38032e-10	-0.0801776
4.3847e-10	-0.0787715
4.38909e-10	-0.077327
4.39348e-10	-0.0758466
4.39787e-10	-0.074333
4.40226e-10	-0.0727888
4.40665e-10	-0.0712162
4.41104e-10	-0.0696179
4.41543e-10	-0.0679962
4.41982e-10	-0.0663535
4.42421e-10	-0.0646921
4.4286e-10	-0.0630144
4.43298e-10	-0.0613225
4.43737e-10	-0.0596187
4.44176e-10	-0.0579051
4.44615e-10	-0.0561838
4.45054e-10	-0.0544569
4.45493e-10	-0.0527264
4.45932e-10	-0.0509942
4.46371e-10	-0.0492622
4.4681e-10	-0.0475324
4.47249e-10	-0.0458063
4.47688e-10	-0.0440859
4.48126e-10	-0.0423727
4.48565e-10	-0.0406685
4.49004e-10	-0.0389747
4.49443e-10	-0.0372929
4.49882e-10	-0.0356246
4.50321e-10	-0.0339711
4.5076e-10	-0.0323338
4.51199e-10	-0.0307139
4.51638e-10	-0.0291128
4.52077e-10	-0.0275315
4.52516e-10	-0.0259712
4.52954e-10	-0.0244329
4.53393e-10	-0.0229177
4.53832e-10	-0.0214265
4.54271e-10	-0.0199602
4.5471e-10	-0.0185196
4.55149e-10	-0.0171055
4.55588e-10	-0.0157186
4.56027e-10	-0.0143596
4.56466e-10	-0.0130292
4.56905e-10	-0.0117279
4.57344e-10	-0.0104563
4.57782e-10	-0.00921473
4.58221e-10	-0.00800372
4.5866e-10	-0.00682363
4.59099e-10	-0.00567478
4.59538e-10	-0.00455747
4.59977e-10	-0.00347193
4.60416e-10	-0.00241836
4.60855e-10	-0.00139691
4.61294e-10	-0.00040769
4.61733e-10	0.000549223
4.62172e-10	0.0014738
4.6261e-10	0.00236605
4.63049e-10	0.00322601
4.63488e-10	0.00405377
4.63927e-10	0.00484944
4.64366e-10	0.00561316
4.64805e-10	0.00634513
4.65244e-10	0.00704555
4.65683e-10	0.00771466
4.66122e-10	0.00835273
4.66561e-10	0.00896007
4.67e-10	0.009537
4.67438e-10	0.0100839
4.67877e-10	0.0106011
4.68316e-10	0.0110889
4.68755e-10	0.011548
4.69194e-10	0.0119786
4.69633e-10	0.0123812
4.70072e-10	0.0127563
4.70511e-10	0.0131044
4.7095e-10	0.013426
4.71389e-10	0.0137217
4.71828e-10	0.0139919
4.72266e-10	0.0142373
4.72705e-10	0.0144583
4.73144e-10	0.0146556
4.73583e-10	0.0148297
4.74022e-10	0.0149812
4.74461e-10	0.0151108
4.749e-10	0.015219
4.75339e-10	0.0153064
4.75778e-10	0.0153736
4.76217e-10	0.0154213
4.76656e-10	0.0154501
4.77094e-10	0.0154606
4.77533e-10	0.0154535
4.77972e-10	0.0154292
4.78411e-10	0.0153886
4.7885e-10	0.0153321
4.79289e-10	0.0152605
4.79728e-10	0.0151743
4.80167e-10	0.0150741
4.80606e-10	0.0149605
4.81045e-10	0.0148342
4.81484e-10	0.0146958
4.81922e-10	0.0145458
4.82361e-10	0.0143848
4.828e-10	0.0142135
4.83239e-10	0.0140323
4.83678e-10	0.0138418
4.84117e-10	0.0136427
4.84556e-10	0.0134354
4.84995e-10	0.0132205
4.85434e-10	0.0129985
4.85873e-10	0.0127699
4.86312e-10	0.0125353
4.8675e-10	0.0122951
4.87189e-10	0.0120498
4.87628e-10	0.0117999
4.88067e-10	0.0115459
4.88506e-10	0.0112882
4.88945e-10	0.0110272
4.89384e-10	0.0107635
4.89823e-10	0.0104973
4.90262e-10	0.0102292
4.90701e-10	0.00995945
4.9114e-10	0.0096885
4.91578e-10	0.0094167
4.92017e-10	0.00914442
4.92456e-10	0.008872
4.92895e-10	0.00859976
4.93334e-10	0.00832804
4.93773e-10	0.00805714
4.94212e-10	0.00778734
4.94651e-10	0.00751895
4.9509e-10	0.00725223
4.95529e-10	0.00698743
4.95968e-10	0.00672481
4.96406e-10	0.0064646
4.96845e-10	0.00620702
4.97284e-10	0.00595229
4.97723e-10	0.00570061
4.98162e-10	0.00545217
4.98601e-10	0.00520714
4.9904e-10	0.00496569
4.99479e-10	0.00472798
4.99918e-10	0.00449416
5.00357e-10	0.00426436
5.00796e-10	0.0040387
5.01234e-10	0.00381731
5.01673e-10	0.00360028
5.02112e-10	0.00338772
5.02551e-10	0.00317971
5.0299e-10	0.00297633
5.03429e-10	0.00277764
5.03868e-10	0.00258371
5.04307e-10	0.00239459
5.04746e-10	0.00221033
5.05185e-10	0.00203096
5.05624e-10	0.0018565
5.06062e-10	0.00168698
5.06501e-10	0.00152242
5.0694e-10	0.00136282
5.07379e-10	0.00120818
5.07818e-10	0.00105849
5.08257e-10	0.000913743
5.08696e-10	0.000773922
5.09135e-10	0.000639003
5.09574e-10	0.000508955
5.10013e-10	0.000383746
5.10452e-10	0.000263335
5.1089e-10	0.00014768
5.11329e-10	3.67312e-05
5.11768e-10	-6.95624e-05
5.12207e-10	-0.000171258
5.12646e-10	-0.000268414
5.13085e-10	-0.000361096
5.13524e-10	-0.000449369
5.13963e-10	-0.000533304
5.14402e-10	-0.000612973
5.14841e-10	-0.000688451
5.1528e-10	-0.000759817
5.15718e-10	-0.000827151
5.16157e-10	-0.000890533
5.16596e-10	-0.000950049
5.17035e-10	-0.00100578
5.17474e-10	-0.00105782
5.17913e-10	-0.00110626
5.18352e-10	-0.00115118
5.18791e-10	-0.00119267
5.1923e-10	-0.00123083
5.19669e-10	-0.00126575
5.20108e-10	-0.00129751
5.20546e-10	-0.00132622
5.20985e-10	-0.00135197
5.21424e-10	-0.00137484
5.21863e-10	-0.00139494
5.22302e-10	-0.00141235
5.22741e-10	-0.00142716
5.2318e-10	-0.00143948
5.23619e-10	-0.00144939
5.24058e-10	-0.00145698
5.24497e-10	-0.00146234
5.24936e-10	-0.00146557
5.25374e-10	-0.00146675
5.25813e-10	-0.00146596
5.26252e-10	-0.0014633
5.26691e-10	-0.00145885
5.2713e-10	-0.0014527
5.27569e-10	-0.00144492
5.28008e-10	-0.0014356
5.28447e-10	-0.00142482
5.28886e-10	-0.00141266
5.29325e-10	-0.00139919
5.29764e-10	-0.0013845
5.30202e-10	-0.00136865
5.30641e-10	-0.00135172
5.3108e-10	-0.00133377
5.31519e-10	-0.00131488
5.31958e-10	-0.00129512
5.32397e-10	-0.00127455
5.32836e-10	-0.00125323
5.33275e-10	-0.00123123
5.33714e-10	-0.00120861
5.34153e-10	-0.00118542
5.34592e-10	-0.00116173
5.3503e-10	-0.00113758
5.35469e-10	-0.00111304
5.35908e-10	-0.00108814
5.36347e-10	-0.00106295
5.36786e-10	-0.00103751
5.37225e-10	-0.00101186
5.37664e-10	-0.000986056
5.38103e-10	-0.000960133
5.38542e-10	-0.000934134
5.38981e-10	-0.000908098
5.3942e-10	-0.000882062
5.39858e-10	-0.000856062
5.40297e-10	-0.000830133
5.40736e-10	-0.000804306
5.41175e-10	-0.000778613
5.41614e-10	-0.000753082
5.42053e-10	-0.000727743
5.42492e-10	-0.00070262
5.42931e-10	-0.000677739
5.4337e-10	-0.000653122
5.43809e-10	-0.000628793
5.44248e-10	-0.000604771
5.44686e-10	-0.000581075
5.45125e-10	-0.000557723
5.45564e-10	-0.000534731
5.46003e-10	-0.000512115
5.46442e-10	-0.000489888
5.46881e-10	-0.000468064
5.4732e-10	-0.000446654
5.47759e-10	-0.000425668
5.48198e-10	-0.000405116
5.48637e-10	-0.000385006
5.49076e-10	-0.000365345
5.49514e-10	-0.00034614
5.49953e-10	-0.000327396
5.50392e-10	-0.000309118
5.50831e-10	-0.000291308
5.5127e-10	-0.000273971
5.51709e-10	-0.000257107
5.52148e-10	-0.000240719
5.52587e-10	-0.000224805
5.53026e-10	-0.000209367
5.53465e-10	-0.000194403
5.53904e-10	-0.000179911
5.54342e-10	-0.00016589
5.54781e-10	-0.000152336
5.5522e-10	-0.000139246
5.55659e-10	-0.000126617
5.56098e-10	-0.000114443
5.56537e-10	-0.000102721
5.56976e-10	-9.14446e-05
5.57415e-10	-8.06085e-05
5.57854e-10	-7.02067e-05
5.58293e-10	-6.02328e-05
5.58732e-10	-5.06802e-05
5.5917e-10	-4.15419e-05
5.59609e-10	-3.28106e-05
5.60048e-10	-2.44788e-05
5.60487e-10	-1.65388e-05
5.60926e-10	-8.98268e-06
5.61365e-10	-1.80233e-06
5.61804e-10	5.01054e-06
5.62243e-10	1.14643e-05
5.62682e-10	1.75676e-05
5.63121e-10	2.3329e-05
5.6356e-10	2.87571e-05
5.63998e-10	3.3861e-05
5.64437e-10	3.86492e-05
5.64876e-10	4.31309e-05
5.65315e-10	4.73147e-05
5.65754e-10	5.12097e-05
5.66193e-10	5.48248e-05
5.66632e-10	5.81688e-05
5.67071e-10	6.12506e-05
5.6751e-10	6.4079e-05
5.67949e-10	6.66627e-05
5.68388e-10	6.90104e-05
5.68826e-10	7.11307e-05
5.69265e-10	7.30321e-05
5.69704e-10	7.4723e-05
5.70143e-10	7.62118e-05
5.70582e-10	7.75066e-05
5.71021e-10	7.86155e-05
5.7146e-10	7.95466e-05
5.71899e-10	8.03075e-05
5.72338e-10	8.09061e-05
5.72777e-10	8.13498e-05
