2.19455e-13	8.13171e-05
6.58364e-13	8.08601e-05
1.09727e-12	8.02476e-05
1.53618e-12	7.94721e-05
1.97509e-12	7.85259e-05
2.414e-12	7.7401e-05
2.85291e-12	7.60896e-05
3.29182e-12	7.45835e-05
3.73073e-12	7.28745e-05
4.16964e-12	7.09543e-05
4.60855e-12	6.88145e-05
5.04746e-12	6.64465e-05
5.48637e-12	6.38418e-05
5.92528e-12	6.09916e-05
6.36419e-12	5.78873e-05
6.80309e-12	5.452e-05
7.242e-12	5.08808e-05
7.68091e-12	4.69609e-05
8.11982e-12	4.27514e-05
8.55873e-12	3.82433e-05
8.99764e-12	3.34278e-05
9.43655e-12	2.8296e-05
9.87546e-12	2.28391e-05
1.03144e-11	1.70482e-05
1.07533e-11	1.09147e-05
1.11922e-11	4.42985e-06
1.16311e-11	-2.41478e-06
1.207e-11	-9.62763e-06
1.25089e-11	-1.7217e-05
1.29478e-11	-2.51909e-05
1.33867e-11	-3.35573e-05
1.38256e-11	-4.23238e-05
1.42646e-11	-5.14981e-05
1.47035e-11	-6.10872e-05
1.51424e-11	-7.10982e-05
1.55813e-11	-8.15377e-05
1.60202e-11	-9.2412e-05
1.64591e-11	-0.000103727
1.6898e-11	-0.000115489
1.73369e-11	-0.000127702
1.77758e-11	-0.000140371
1.82147e-11	-0.000153501
1.86536e-11	-0.000167096
1.90926e-11	-0.000181158
1.95315e-11	-0.000195691
1.99704e-11	-0.000210697
2.04093e-11	-0.000226176
2.08482e-11	-0.000242131
2.12871e-11	-0.000258561
2.1726e-11	-0.000275467
2.21649e-11	-0.000292845
2.26038e-11	-0.000310696
2.30427e-11	-0.000329015
2.34816e-11	-0.000347799
2.39206e-11	-0.000367044
2.43595e-11	-0.000386745
2.47984e-11	-0.000406894
2.52373e-11	-0.000427484
2.56762e-11	-0.000448507
2.61151e-11	-0.000469954
2.6554e-11	-0.000491814
2.69929e-11	-0.000514075
2.74318e-11	-0.000536724
2.78707e-11	-0.000559748
2.83097e-11	-0.000583131
2.87486e-11	-0.000606856
2.91875e-11	-0.000630906
2.96264e-11	-0.000655262
3.00653e-11	-0.000679902
3.05042e-11	-0.000704805
3.09431e-11	-0.000729948
3.1382e-11	-0.000755305
3.18209e-11	-0.000780851
3.22598e-11	-0.000806557
3.26987e-11	-0.000832394
3.31377e-11	-0.000858331
3.35766e-11	-0.000884335
3.40155e-11	-0.000910373
3.44544e-11	-0.000936407
3.48933e-11	-0.000962401
3.53322e-11	-0.000988316
3.57711e-11	-0.00101411
3.621e-11	-0.00103974
3.66489e-11	-0.00106516
3.70878e-11	-0.00109033
3.75267e-11	-0.00111519
3.79657e-11	-0.00113971
3.84046e-11	-0.00116382
3.88435e-11	-0.00118747
3.92824e-11	-0.00121061
3.97213e-11	-0.00123318
4.01602e-11	-0.00125512
4.05991e-11	-0.00127638
4.1038e-11	-0.00129688
4.14769e-11	-0.00131657
4.19158e-11	-0.00133538
4.23548e-11	-0.00135324
4.27937e-11	-0.00137008
4.32326e-11	-0.00138583
4.36715e-11	-0.00140042
4.41104e-11	-0.00141378
4.45493e-11	-0.00142582
4.49882e-11	-0.00143647
4.54271e-11	-0.00144566
4.5866e-11	-0.0014533
4.63049e-11	-0.00145931
4.67438e-11	-0.00146361
4.71828e-11	-0.00146611
4.76217e-11	-0.00146672
4.80606e-11	-0.00146537
4.84995e-11	-0.00146196
4.89384e-11	-0.00145641
4.93773e-11	-0.00144862
4.98162e-11	-0.0014385
5.02551e-11	-0.00142597
5.0694e-11	-0.00141093
5.11329e-11	-0.00139329
5.15718e-11	-0.00137295
5.20108e-11	-0.00134983
5.24497e-11	-0.00132383
5.28886e-11	-0.00129486
5.33275e-11	-0.00126282
5.37664e-11	-0.00122763
5.42053e-11	-0.00118918
5.46442e-11	-0.00114739
5.50831e-11	-0.00110217
5.5522e-11	-0.00105342
5.59609e-11	-0.00100106
5.63998e-11	-0.000945002
5.68388e-11	-0.000885152
5.72777e-11	-0.000821428
5.77166e-11	-0.000753745
5.81555e-11	-0.000682023
5.85944e-11	-0.000606182
5.90333e-11	-0.000526143
5.94722e-11	-0.000441832
5.99111e-11	-0.000353176
6.035e-11	-0.000260107
6.07889e-11	-0.000162556
6.12279e-11	-6.04615e-05
6.16668e-11	4.62365e-05
6.21057e-11	0.000157594
6.25446e-11	0.000273663
6.29835e-11	0.000394491
6.34224e-11	0.000520122
6.38613e-11	0.000650594
6.43002e-11	0.00078594
6.47391e-11	0.00092619
6.5178e-11	0.00107137
6.56169e-11	0.00122149
6.60559e-11	0.00137656
6.64948e-11	0.0015366
6.69337e-11	0.00170159
6.73726e-11	0.00187154
6.78115e-11	0.00204643
6.82504e-11	0.00222623
6.86893e-11	0.00241092
6.91282e-11	0.00260046
6.95671e-11	0.00279481
7.0006e-11	0.00299391
7.04449e-11	0.0031977
7.08839e-11	0.00340611
7.13228e-11	0.00361906
7.17617e-11	0.00383648
7.22006e-11	0.00405825
7.26395e-11	0.00428427
7.30784e-11	0.00451443
7.35173e-11	0.00474859
7.39562e-11	0.00498663
7.43951e-11	0.0052284
7.4834e-11	0.00547374
7.5273e-11	0.00572247
7.57119e-11	0.00597443
7.61508e-11	0.00622941
7.65897e-11	0.00648723
7.70286e-11	0.00674766
7.74675e-11	0.00701048
7.79064e-11	0.00727545
7.83453e-11	0.00754233
7.87842e-11	0.00781086
7.92231e-11	0.00808076
7.9662e-11	0.00835175
8.0101e-11	0.00862353
8.05399e-11	0.00889579
8.09788e-11	0.00916822
8.14177e-11	0.00944047
8.18566e-11	0.00971221
8.22955e-11	0.00998307
8.27344e-11	0.0102527
8.31733e-11	0.0105207
8.36122e-11	0.0107866
8.40511e-11	0.0110502
8.449e-11	0.0113108
8.4929e-11	0.0115682
8.53679e-11	0.0118219
8.58068e-11	0.0120714
8.62457e-11	0.0123163
8.66846e-11	0.012556
8.71235e-11	0.0127901
8.75624e-11	0.0130182
8.80013e-11	0.0132396
8.84402e-11	0.0134538
8.88791e-11	0.0136604
8.9318e-11	0.0138588
8.9757e-11	0.0140485
9.01959e-11	0.0142288
9.06348e-11	0.0143993
9.10737e-11	0.0145594
9.15126e-11	0.0147084
9.19515e-11	0.0148458
9.23904e-11	0.014971
9.28293e-11	0.0150834
9.32682e-11	0.0151824
9.37071e-11	0.0152673
9.41461e-11	0.0153377
9.4585e-11	0.0153928
9.50239e-11	0.015432
9.54628e-11	0.0154548
9.59017e-11	0.0154604
9.63406e-11	0.0154484
9.67795e-11	0.0154179
9.72184e-11	0.0153685
9.76573e-11	0.0152995
9.80962e-11	0.0152103
9.85351e-11	0.0151003
9.89741e-11	0.0149689
9.9413e-11	0.0148154
9.98519e-11	0.0146393
1.00291e-10	0.0144399
1.0073e-10	0.0142168
1.01169e-10	0.0139693
1.01608e-10	0.0136969
1.02046e-10	0.013399
1.02485e-10	0.0130751
1.02924e-10	0.0127246
1.03363e-10	0.0123471
1.03802e-10	0.0119421
1.04241e-10	0.011509
1.0468e-10	0.0110475
1.05119e-10	0.010557
1.05558e-10	0.0100373
1.05997e-10	0.00948781
1.06436e-10	0.00890824
1.06874e-10	0.00829823
1.07313e-10	0.00765745
1.07752e-10	0.00698562
1.08191e-10	0.00628245
1.0863e-10	0.00554772
1.09069e-10	0.00478121
1.09508e-10	0.00398274
1.09947e-10	0.00315218
1.10386e-10	0.0022894
1.10825e-10	0.00139432
1.11264e-10	0.000466923
1.11702e-10	-0.000492814
1.12141e-10	-0.00148485
1.1258e-10	-0.00250911
1.13019e-10	-0.00356548
1.13458e-10	-0.00465381
1.13897e-10	-0.00577389
1.14336e-10	-0.00692547
1.14775e-10	-0.00810828
1.15214e-10	-0.00932197
1.15653e-10	-0.0105662
1.16092e-10	-0.0118404
1.1653e-10	-0.0131443
1.16969e-10	-0.0144772
1.17408e-10	-0.0158386
1.17847e-10	-0.0172279
1.18286e-10	-0.0186444
1.18725e-10	-0.0200873
1.19164e-10	-0.0215558
1.19603e-10	-0.0230492
1.20042e-10	-0.0245664
1.20481e-10	-0.0261066
1.2092e-10	-0.0276688
1.21358e-10	-0.0292519
1.21797e-10	-0.0308547
1.22236e-10	-0.0324761
1.22675e-10	-0.0341149
1.23114e-10	-0.0357698
1.23553e-10	-0.0374393
1.23992e-10	-0.0391222
1.24431e-10	-0.040817
1.2487e-10	-0.0425221
1.25309e-10	-0.0442359
1.25748e-10	-0.0459569
1.26186e-10	-0.0476833
1.26625e-10	-0.0494135
1.27064e-10	-0.0511455
1.27503e-10	-0.0528777
1.27942e-10	-0.0546079
1.28381e-10	-0.0563344
1.2882e-10	-0.0580551
1.29259e-10	-0.0597679
1.29698e-10	-0.0614708
1.30137e-10	-0.0631615
1.30576e-10	-0.0648379
1.31014e-10	-0.0664978
1.31453e-10	-0.0681387
1.31892e-10	-0.0697585
1.32331e-10	-0.0713546
1.3277e-10	-0.0729248
1.33209e-10	-0.0744665
1.33648e-10	-0.0759773
1.34087e-10	-0.0774546
1.34526e-10	-0.0788959
1.34965e-10	-0.0802986
1.35404e-10	-0.08166
1.35842e-10	-0.0829777
1.36281e-10	-0.0842488
1.3672e-10	-0.0854707
1.37159e-10	-0.0866407
1.37598e-10	-0.0877561
1.38037e-10	-0.0888143
1.38476e-10	-0.0898124
1.38915e-10	-0.0907477
1.39354e-10	-0.0916175
1.39793e-10	-0.0924191
1.40232e-10	-0.0931497
1.4067e-10	-0.0938066
1.41109e-10	-0.0943871
1.41548e-10	-0.0948885
1.41987e-10	-0.0953082
1.42426e-10	-0.0956434
1.42865e-10	-0.0958915
1.43304e-10	-0.09605
1.43743e-10	-0.0961162
1.44182e-10	-0.0960876
1.44621e-10	-0.0959618
1.4506e-10	-0.0957363
1.45498e-10	-0.0954087
1.45937e-10	-0.0949766
1.46376e-10	-0.0944377
1.46815e-10	-0.0937899
1.47254e-10	-0.0930309
1.47693e-10	-0.0921587
1.48132e-10	-0.0911712
1.48571e-10	-0.0900665
1.4901e-10	-0.0888428
1.49449e-10	-0.0874982
1.49888e-10	-0.086031
1.50326e-10	-0.0844398
1.50765e-10	-0.0827229
1.51204e-10	-0.0808789
1.51643e-10	-0.0789066
1.52082e-10	-0.0768049
1.52521e-10	-0.0745725
1.5296e-10	-0.0722087
1.53399e-10	-0.0697125
1.53838e-10	-0.0670832
1.54277e-10	-0.0643203
1.54716e-10	-0.0614234
1.55154e-10	-0.058392
1.55593e-10	-0.0552262
1.56032e-10	-0.0519257
1.56471e-10	-0.0484909
1.5691e-10	-0.0449218
1.57349e-10	-0.0412191
1.57788e-10	-0.0373831
1.58227e-10	-0.0334148
1.58666e-10	-0.0293149
1.59105e-10	-0.0250846
1.59544e-10	-0.0207251
1.59982e-10	-0.0162377
1.60421e-10	-0.0116241
1.6086e-10	-0.00688594
1.61299e-10	-0.0020252
1.61738e-10	0.00295606
1.62177e-10	0.00805556
1.62616e-10	0.0132709
1.63055e-10	0.0185993
1.63494e-10	0.0240382
1.63933e-10	0.0295844
1.64372e-10	0.0352349
1.6481e-10	0.0409862
1.65249e-10	0.0468348
1.65688e-10	0.0527771
1.66127e-10	0.0588091
1.66566e-10	0.0649267
1.67005e-10	0.0711258
1.67444e-10	0.0774018
1.67883e-10	0.0837502
1.68322e-10	0.0901662
1.68761e-10	0.0966448
1.692e-10	0.103181
1.69638e-10	0.109769
1.70077e-10	0.116404
1.70516e-10	0.12308
1.70955e-10	0.129792
1.71394e-10	0.136533
1.71833e-10	0.143297
1.72272e-10	0.150078
1.72711e-10	0.156869
1.7315e-10	0.163665
1.73589e-10	0.170458
1.74028e-10	0.177242
1.74466e-10	0.184009
1.74905e-10	0.190753
1.75344e-10	0.197467
1.75783e-10	0.204142
1.76222e-10	0.210773
1.76661e-10	0.21735
1.771e-10	0.223867
1.77539e-10	0.230317
1.77978e-10	0.23669
1.78417e-10	0.24298
1.78856e-10	0.249179
1.79294e-10	0.255278
1.79733e-10	0.26127
1.80172e-10	0.267146
1.80611e-10	0.2729
1.8105e-10	0.278521
1.81489e-10	0.284003
1.81928e-10	0.289338
1.82367e-10	0.294517
1.82806e-10	0.299531
1.83245e-10	0.304374
1.83684e-10	0.309038
1.84122e-10	0.313513
1.84561e-10	0.317792
1.85e-10	0.321868
1.85439e-10	0.325732
1.85878e-10	0.329377
1.86317e-10	0.332795
1.86756e-10	0.335979
1.87195e-10	0.338921
1.87634e-10	0.341614
1.88073e-10	0.34405
1.88512e-10	0.346223
1.8895e-10	0.348126
1.89389e-10	0.349751
1.89828e-10	0.351094
1.90267e-10	0.352146
1.90706e-10	0.352902
1.91145e-10	0.353356
1.91584e-10	0.353502
1.92023e-10	0.353335
1.92462e-10	0.352849
1.92901e-10	0.352039
1.9334e-10	0.350901
1.93778e-10	0.349429
1.94217e-10	0.34762
1.94656e-10	0.345469
1.95095e-10	0.342972
1.95534e-10	0.340127
1.95973e-10	0.33693
1.96412e-10	0.333378
1.96851e-10	0.329469
1.9729e-10	0.3252
1.97729e-10	0.320569
1.98168e-10	0.315576
1.98606e-10	0.310219
1.99045e-10	0.304497
1.99484e-10	0.298409
1.99923e-10	0.291956
2.00362e-10	0.285138
2.00801e-10	0.277955
2.0124e-10	0.270409
2.01679e-10	0.2625
2.02118e-10	0.254232
2.02557e-10	0.245605
2.02996e-10	0.236623
2.03434e-10	0.227289
2.03873e-10	0.217605
2.04312e-10	0.207577
2.04751e-10	0.197207
2.0519e-10	0.186501
2.05629e-10	0.175464
2.06068e-10	0.164101
2.06507e-10	0.152418
2.06946e-10	0.140422
2.07385e-10	0.128118
2.07824e-10	0.115515
2.08262e-10	0.102619
2.08701e-10	0.0894385
2.0914e-10	0.0759819
2.09579e-10	0.0622577
2.10018e-10	0.0482751
2.10457e-10	0.0340434
2.10896e-10	0.0195726
2.11335e-10	0.00487274
2.11774e-10	-0.0100455
2.12213e-10	-0.0251712
2.12652e-10	-0.0404932
2.1309e-10	-0.0559996
2.13529e-10	-0.0716786
2.13968e-10	-0.0875179
2.14407e-10	-0.103505
2.14846e-10	-0.119626
2.15285e-10	-0.135869
2.15724e-10	-0.15222
2.16163e-10	-0.168666
2.16602e-10	-0.185191
2.17041e-10	-0.201782
2.1748e-10	-0.218424
2.17918e-10	-0.235102
2.18357e-10	-0.251802
2.18796e-10	-0.268508
2.19235e-10	-0.285204
2.19674e-10	-0.301876
2.20113e-10	-0.318507
2.20552e-10	-0.335082
2.20991e-10	-0.351584
2.2143e-10	-0.367997
2.21869e-10	-0.384305
2.22308e-10	-0.400492
2.22746e-10	-0.416542
2.23185e-10	-0.432437
2.23624e-10	-0.448162
2.24063e-10	-0.4637
2.24502e-10	-0.479035
2.24941e-10	-0.494149
2.2538e-10	-0.509028
2.25819e-10	-0.523653
2.26258e-10	-0.53801
2.26697e-10	-0.552081
2.27136e-10	-0.565852
2.27574e-10	-0.579305
2.28013e-10	-0.592425
2.28452e-10	-0.605197
2.28891e-10	-0.617604
2.2933e-10	-0.629633
2.29769e-10	-0.641267
2.30208e-10	-0.652492
2.30647e-10	-0.663293
2.31086e-10	-0.673657
2.31525e-10	-0.683569
2.31964e-10	-0.693015
2.32402e-10	-0.701983
2.32841e-10	-0.710459
2.3328e-10	-0.71843
2.33719e-10	-0.725885
2.34158e-10	-0.732812
2.34597e-10	-0.739199
2.35036e-10	-0.745036
2.35475e-10	-0.750311
2.35914e-10	-0.755014
2.36353e-10	-0.759137
2.36792e-10	-0.76267
2.3723e-10	-0.765603
2.37669e-10	-0.767931
2.38108e-10	-0.769643
2.38547e-10	-0.770734
2.38986e-10	-0.771198
2.39425e-10	-0.771027
2.39864e-10	-0.770218
2.40303e-10	-0.768764
2.40742e-10	-0.766663
2.41181e-10	-0.763909
2.4162e-10	-0.760502
2.42058e-10	-0.756437
2.42497e-10	-0.751714
2.42936e-10	-0.746331
2.43375e-10	-0.740288
2.43814e-10	-0.733585
2.44253e-10	-0.726223
2.44692e-10	-0.718203
2.45131e-10	-0.709529
2.4557e-10	-0.700202
2.46009e-10	-0.690226
2.46448e-10	-0.679605
2.46887e-10	-0.668344
2.47325e-10	-0.656449
2.47764e-10	-0.643926
2.48203e-10	-0.630781
2.48642e-10	-0.617022
2.49081e-10	-0.602657
2.4952e-10	-0.587695
2.49959e-10	-0.572146
2.50398e-10	-0.556018
2.50837e-10	-0.539324
2.51276e-10	-0.522074
2.51715e-10	-0.50428
2.52153e-10	-0.485954
2.52592e-10	-0.467111
2.53031e-10	-0.447763
2.5347e-10	-0.427925
2.53909e-10	-0.407611
2.54348e-10	-0.386838
2.54787e-10	-0.36562
2.55226e-10	-0.343975
2.55665e-10	-0.321919
2.56104e-10	-0.299469
2.56543e-10	-0.276645
2.56981e-10	-0.253463
2.5742e-10	-0.229943
2.57859e-10	-0.206105
2.58298e-10	-0.181967
2.58737e-10	-0.15755
2.59176e-10	-0.132875
2.59615e-10	-0.107961
2.60054e-10	-0.0828311
2.60493e-10	-0.0575055
2.60932e-10	-0.0320063
2.61371e-10	-0.00635534
2.61809e-10	0.019425
2.62248e-10	0.0453124
2.62687e-10	0.0712842
2.63126e-10	0.0973174
2.63565e-10	0.123389
2.64004e-10	0.149476
2.64443e-10	0.175556
2.64882e-10	0.201604
2.65321e-10	0.227598
2.6576e-10	0.253513
2.66199e-10	0.279328
2.66637e-10	0.305018
2.67076e-10	0.330559
2.67515e-10	0.355929
2.67954e-10	0.381105
2.68393e-10	0.406063
2.68832e-10	0.43078
2.69271e-10	0.455234
2.6971e-10	0.479401
2.70149e-10	0.50326
2.70588e-10	0.526789
2.71027e-10	0.549964
2.71465e-10	0.572766
2.71904e-10	0.595172
2.72343e-10	0.617161
2.72782e-10	0.638713
2.73221e-10	0.659807
2.7366e-10	0.680424
2.74099e-10	0.700543
2.74538e-10	0.720147
2.74977e-10	0.739217
2.75416e-10	0.757733
2.75855e-10	0.77568
2.76293e-10	0.793039
2.76732e-10	0.809794
2.77171e-10	0.825929
2.7761e-10	0.841429
2.78049e-10	0.856279
2.78488e-10	0.870464
2.78927e-10	0.883972
2.79366e-10	0.896789
2.79805e-10	0.908902
2.80244e-10	0.920301
2.80683e-10	0.930974
2.81121e-10	0.94091
2.8156e-10	0.950101
2.81999e-10	0.958538
2.82438e-10	0.966212
2.82877e-10	0.973116
2.83316e-10	0.979243
2.83755e-10	0.984587
2.84194e-10	0.989144
2.84633e-10	0.992908
2.85072e-10	0.995877
2.85511e-10	0.998047
2.85949e-10	0.999416
2.86388e-10	0.999983
2.86827e-10	0.999747
2.87266e-10	0.998709
2.87705e-10	0.996869
2.88144e-10	0.99423
2.88583e-10	0.990794
2.89022e-10	0.986563
2.89461e-10	0.981543
2.899e-10	0.975738
2.90339e-10	0.969154
2.90777e-10	0.961797
2.91216e-10	0.953675
2.91655e-10	0.944794
2.92094e-10	0.935164
2.92533e-10	0.924793
2.92972e-10	0.913693
2.93411e-10	0.901873
2.9385e-10	0.889345
2.94289e-10	0.876121
2.94728e-10	0.862214
2.95167e-10	0.847636
2.95605e-10	0.832403
2.96044e-10	0.816528
2.96483e-10	0.800027
2.96922e-10	0.782915
2.97361e-10	0.765209
2.978e-10	0.746925
2.98239e-10	0.728082
2.98678e-10	0.708697
2.99117e-10	0.688787
2.99556e-10	0.668373
2.99995e-10	0.647474
3.00433e-10	0.626108
3.00872e-10	0.604297
3.01311e-10	0.582061
3.0175e-10	0.55942
3.02189e-10	0.536396
3.02628e-10	0.513011
3.03067e-10	0.489285
3.03506e-10	0.465243
3.03945e-10	0.440904
3.04384e-10	0.416293
3.04823e-10	0.391432
3.05261e-10	0.366343
3.057e-10	0.34105
3.06139e-10	0.315577
3.06578e-10	0.289945
3.07017e-10	0.264179
3.07456e-10	0.238302
3.07895e-10	0.212338
3.08334e-10	0.186309
3.08773e-10	0.16024
3.09212e-10	0.134153
3.09651e-10	0.108072
3.10089e-10	0.0820206
3.10528e-10	0.0560207
3.10967e-10	0.0300957
3.11406e-10	0.00426846
3.11845e-10	-0.0214386
3.12284e-10	-0.0470031
3.12723e-10	-0.072403
3.13162e-10	-0.0976165
3.13601e-10	-0.122622
3.1404e-10	-0.147398
3.14479e-10	-0.171924
3.14917e-10	-0.19618
3.15356e-10	-0.220144
3.15795e-10	-0.243798
3.16234e-10	-0.267121
3.16673e-10	-0.290095
3.17112e-10	-0.312702
3.17551e-10	-0.334922
3.1799e-10	-0.356739
3.18429e-10	-0.378135
3.18868e-10	-0.399094
3.19307e-10	-0.419599
3.19745e-10	-0.439635
3.20184e-10	-0.459187
3.20623e-10	-0.478241
3.21062e-10	-0.496781
3.21501e-10	-0.514796
3.2194e-10	-0.532272
3.22379e-10	-0.549197
3.22818e-10	-0.56556
3.23257e-10	-0.581349
3.23696e-10	-0.596555
3.24135e-10	-0.611167
3.24573e-10	-0.625177
3.25012e-10	-0.638577
3.25451e-10	-0.651357
3.2589e-10	-0.663512
3.26329e-10	-0.675036
3.26768e-10	-0.685921
3.27207e-10	-0.696164
3.27646e-10	-0.705759
3.28085e-10	-0.714703
3.28524e-10	-0.722993
3.28963e-10	-0.730627
3.29401e-10	-0.737602
3.2984e-10	-0.743917
3.30279e-10	-0.749572
3.30718e-10	-0.754568
3.31157e-10	-0.758904
3.31596e-10	-0.762583
3.32035e-10	-0.765606
3.32474e-10	-0.767976
3.32913e-10	-0.769696
3.33352e-10	-0.770771
3.33791e-10	-0.771205
3.34229e-10	-0.771002
3.34668e-10	-0.770169
3.35107e-10	-0.768712
3.35546e-10	-0.766638
3.35985e-10	-0.763953
3.36424e-10	-0.760667
3.36863e-10	-0.756786
3.37302e-10	-0.752321
3.37741e-10	-0.747281
3.3818e-10	-0.741675
3.38619e-10	-0.735514
3.39057e-10	-0.728808
3.39496e-10	-0.72157
3.39935e-10	-0.71381
3.40374e-10	-0.705541
3.40813e-10	-0.696774
3.41252e-10	-0.687524
3.41691e-10	-0.677802
3.4213e-10	-0.667624
3.42569e-10	-0.657001
3.43008e-10	-0.645949
3.43447e-10	-0.634482
3.43885e-10	-0.622615
3.44324e-10	-0.610362
3.44763e-10	-0.597738
3.45202e-10	-0.58476
3.45641e-10	-0.571443
3.4608e-10	-0.557801
3.46519e-10	-0.543852
3.46958e-10	-0.529611
3.47397e-10	-0.515094
3.47836e-10	-0.500318
3.48275e-10	-0.485299
3.48713e-10	-0.470054
3.49152e-10	-0.454598
3.49591e-10	-0.438948
3.5003e-10	-0.423121
3.50469e-10	-0.407133
3.50908e-10	-0.391
3.51347e-10	-0.37474
3.51786e-10	-0.358368
3.52225e-10	-0.341901
3.52664e-10	-0.325354
3.53103e-10	-0.308745
3.53541e-10	-0.292088
3.5398e-10	-0.2754
3.54419e-10	-0.258696
3.54858e-10	-0.241992
3.55297e-10	-0.225303
3.55736e-10	-0.208644
3.56175e-10	-0.19203
3.56614e-10	-0.175476
3.57053e-10	-0.158996
3.57492e-10	-0.142604
3.57931e-10	-0.126315
3.58369e-10	-0.110142
3.58808e-10	-0.0940977
3.59247e-10	-0.0781959
3.59686e-10	-0.0624493
3.60125e-10	-0.0468702
3.60564e-10	-0.0314707
3.61003e-10	-0.0162626
3.61442e-10	-0.00125739
3.61881e-10	0.0135339
3.6232e-10	0.0281005
3.62759e-10	0.0424321
3.63197e-10	0.0565186
3.63636e-10	0.0703506
3.64075e-10	0.0839187
3.64514e-10	0.097214
3.64953e-10	0.110228
3.65392e-10	0.122953
3.65831e-10	0.135381
3.6627e-10	0.147505
3.66709e-10	0.159319
3.67148e-10	0.170814
3.67587e-10	0.181987
3.68025e-10	0.19283
3.68464e-10	0.203339
3.68903e-10	0.213509
3.69342e-10	0.223335
3.69781e-10	0.232814
3.7022e-10	0.241942
3.70659e-10	0.250715
3.71098e-10	0.259132
3.71537e-10	0.267189
3.71976e-10	0.274885
3.72415e-10	0.282218
3.72853e-10	0.289187
3.73292e-10	0.295791
3.73731e-10	0.302029
3.7417e-10	0.307902
3.74609e-10	0.31341
3.75048e-10	0.318553
3.75487e-10	0.323333
3.75926e-10	0.327751
3.76365e-10	0.331808
3.76804e-10	0.335507
3.77243e-10	0.338851
3.77681e-10	0.341841
3.7812e-10	0.344481
3.78559e-10	0.346774
3.78998e-10	0.348724
3.79437e-10	0.350334
3.79876e-10	0.35161
3.80315e-10	0.352555
3.80754e-10	0.353174
3.81193e-10	0.353472
3.81632e-10	0.353454
3.82071e-10	0.353126
3.82509e-10	0.352494
3.82948e-10	0.351563
3.83387e-10	0.35034
3.83826e-10	0.34883
3.84265e-10	0.347041
3.84704e-10	0.344979
3.85143e-10	0.34265
3.85582e-10	0.340063
3.86021e-10	0.337223
3.8646e-10	0.334138
3.86899e-10	0.330816
3.87337e-10	0.327263
3.87776e-10	0.323489
3.88215e-10	0.319499
3.88654e-10	0.315303
3.89093e-10	0.310908
3.89532e-10	0.306321
3.89971e-10	0.301551
3.9041e-10	0.296606
3.90849e-10	0.291494
3.91288e-10	0.286223
3.91727e-10	0.280801
3.92165e-10	0.275236
3.92604e-10	0.269536
3.93043e-10	0.263709
3.93482e-10	0.257764
3.93921e-10	0.251708
3.9436e-10	0.24555
3.94799e-10	0.239296
3.95238e-10	0.232956
3.95677e-10	0.226537
3.96116e-10	0.220047
3.96555e-10	0.213494
3.96993e-10	0.206884
3.97432e-10	0.200227
3.97871e-10	0.193528
3.9831e-10	0.186796
3.98749e-10	0.180037
3.99188e-10	0.173259
3.99627e-10	0.166469
4.00066e-10	0.159674
4.00505e-10	0.152879
4.00944e-10	0.146093
4.01383e-10	0.139321
4.01821e-10	0.13257
4.0226e-10	0.125846
4.02699e-10	0.119154
4.03138e-10	0.112502
4.03577e-10	0.105894
4.04016e-10	0.0993353
4.04455e-10	0.0928323
4.04894e-10	0.0863899
4.05333e-10	0.080013
4.05772e-10	0.0737065
4.06211e-10	0.0674751
4.06649e-10	0.0613234
4.07088e-10	0.0552555
4.07527e-10	0.0492757
4.07966e-10	0.043388
4.08405e-10	0.0375961
4.08844e-10	0.0319036
4.09283e-10	0.026314
4.09722e-10	0.0208305
4.10161e-10	0.0154561
4.106e-10	0.0101938
4.11039e-10	0.00504616
4.11478e-10	1.58248e-05
4.11916e-10	-0.00489491
4.12355e-10	-0.00968389
4.12794e-10	-0.0143491
4.13233e-10	-0.0188888
4.13672e-10	-0.0233013
4.14111e-10	-0.0275851
4.1455e-10	-0.0317389
4.14989e-10	-0.0357616
4.15428e-10	-0.0396523
4.15867e-10	-0.0434101
4.16306e-10	-0.0470344
4.16744e-10	-0.0505246
4.17183e-10	-0.0538805
4.17622e-10	-0.0571019
4.18061e-10	-0.0601888
4.185e-10	-0.0631412
4.18939e-10	-0.0659593
4.19378e-10	-0.0686437
4.19817e-10	-0.0711947
4.20256e-10	-0.0736131
4.20695e-10	-0.0758996
4.21134e-10	-0.0780551
4.21572e-10	-0.0800807
4.22011e-10	-0.0819774
4.2245e-10	-0.0837466
4.22889e-10	-0.0853895
4.23328e-10	-0.0869077
4.23767e-10	-0.0883027
4.24206e-10	-0.0895761
4.24645e-10	-0.0907297
4.25084e-10	-0.0917653
4.25523e-10	-0.0926848
4.25962e-10	-0.0934903
4.264e-10	-0.0941837
4.26839e-10	-0.0947673
4.27278e-10	-0.0952431
4.27717e-10	-0.0956136
4.28156e-10	-0.095881
4.28595e-10	-0.0960477
4.29034e-10	-0.096116
4.29473e-10	-0.0960886
4.29912e-10	-0.0959679
4.30351e-10	-0.0957565
4.3079e-10	-0.0954569
4.31228e-10	-0.0950718
4.31667e-10	-0.0946038
4.32106e-10	-0.0940556
4.32545e-10	-0.0934299
4.32984e-10	-0.0927293
4.33423e-10	-0.0919567
4.33862e-10	-0.0911147
4.34301e-10	-0.0902061
4.3474e-10	-0.0892336
4.35179e-10	-0.0881999
4.35618e-10	-0.0871078
4.36056e-10	-0.0859599
4.36495e-10	-0.0847591
4.36934e-10	-0.083508
4.37373e-10	-0.0822092
4.37812e-10	-0.0808655
4.38251e-10	-0.0794795
4.3869e-10	-0.0780539
4.39129e-10	-0.0765911
4.39568e-10	-0.0750938
4.40007e-10	-0.0735646
4.40446e-10	-0.0720059
4.40884e-10	-0.0704201
4.41323e-10	-0.0688098
4.41762e-10	-0.0671773
4.42201e-10	-0.065525
4.4264e-10	-0.0638552
4.43079e-10	-0.0621701
4.43518e-10	-0.060472
4.43957e-10	-0.058763
4.44396e-10	-0.0570453
4.44835e-10	-0.055321
4.45274e-10	-0.053592
4.45712e-10	-0.0518604
4.46151e-10	-0.0501281
4.4659e-10	-0.0483969
4.47029e-10	-0.0466687
4.47468e-10	-0.0449453
4.47907e-10	-0.0432283
4.48346e-10	-0.0415194
4.48785e-10	-0.0398202
4.49224e-10	-0.0381322
4.49663e-10	-0.036457
4.50102e-10	-0.0347959
4.5054e-10	-0.0331503
4.50979e-10	-0.0315216
4.51418e-10	-0.0299109
4.51857e-10	-0.0283196
4.52296e-10	-0.0267487
4.52735e-10	-0.0251993
4.53174e-10	-0.0236724
4.53613e-10	-0.0221691
4.54052e-10	-0.0206902
4.54491e-10	-0.0192366
4.5493e-10	-0.0178092
4.55368e-10	-0.0164086
4.55807e-10	-0.0150356
4.56246e-10	-0.0136908
4.56685e-10	-0.0123749
4.57124e-10	-0.0110884
4.57563e-10	-0.00983171
4.58002e-10	-0.00860538
4.58441e-10	-0.00740979
4.5888e-10	-0.00624528
4.59319e-10	-0.00511217
4.59758e-10	-0.00401072
4.60196e-10	-0.00294114
4.60635e-10	-0.00190361
4.61074e-10	-0.000898265
4.61513e-10	7.48072e-05
4.61952e-10	0.00101555
4.62391e-10	0.00192396
4.6283e-10	0.00280006
4.63269e-10	0.00364391
4.63708e-10	0.00445561
4.64147e-10	0.00523528
4.64586e-10	0.0059831
4.65024e-10	0.00669927
4.65463e-10	0.007384
4.65902e-10	0.00803756
4.66341e-10	0.00866023
4.6678e-10	0.00925232
4.67219e-10	0.00981417
4.67658e-10	0.0103461
4.68097e-10	0.0108486
4.68536e-10	0.011322
4.68975e-10	0.0117668
4.69414e-10	0.0121833
4.69852e-10	0.0125721
4.70291e-10	0.0129337
4.7073e-10	0.0132685
4.71169e-10	0.0135771
4.71608e-10	0.01386
4.72047e-10	0.0141177
4.72486e-10	0.0143508
4.72925e-10	0.0145599
4.73364e-10	0.0147455
4.73803e-10	0.0149082
4.74242e-10	0.0150487
4.7468e-10	0.0151675
4.75119e-10	0.0152652
4.75558e-10	0.0153425
4.75997e-10	0.0153999
4.76436e-10	0.0154381
4.76875e-10	0.0154576
4.77314e-10	0.0154592
4.77753e-10	0.0154434
4.78192e-10	0.0154109
4.78631e-10	0.0153623
4.7907e-10	0.0152982
4.79508e-10	0.0152192
4.79947e-10	0.0151259
4.80386e-10	0.0150189
4.80825e-10	0.0148989
4.81264e-10	0.0147665
4.81703e-10	0.0146222
4.82142e-10	0.0144667
4.82581e-10	0.0143004
4.8302e-10	0.0141241
4.83459e-10	0.0139382
4.83898e-10	0.0137433
4.84336e-10	0.01354
4.84775e-10	0.0133289
4.85214e-10	0.0131103
4.85653e-10	0.012885
4.86092e-10	0.0126533
4.86531e-10	0.0124158
4.8697e-10	0.012173
4.87409e-10	0.0119254
4.87848e-10	0.0116734
4.88287e-10	0.0114175
4.88726e-10	0.0111581
4.89164e-10	0.0108957
4.89603e-10	0.0106307
4.90042e-10	0.0103635
4.90481e-10	0.0100945
4.9092e-10	0.0098241
4.91359e-10	0.00955268
4.91798e-10	0.0092806
4.92237e-10	0.00900821
4.92676e-10	0.00873584
4.93115e-10	0.00846382
4.93554e-10	0.00819247
4.93992e-10	0.00792208
4.94431e-10	0.00765296
4.9487e-10	0.00738536
4.95309e-10	0.00711957
4.95748e-10	0.00685583
4.96187e-10	0.00659439
4.96626e-10	0.00633547
4.97065e-10	0.00607929
4.97504e-10	0.00582606
4.97943e-10	0.00557597
4.98382e-10	0.00532921
4.9882e-10	0.00508596
4.99259e-10	0.00484636
4.99698e-10	0.00461058
5.00137e-10	0.00437875
5.00576e-10	0.004151
5.01015e-10	0.00392747
5.01454e-10	0.00370824
5.01893e-10	0.00349344
5.02332e-10	0.00328314
5.02771e-10	0.00307743
5.0321e-10	0.00287639
5.03648e-10	0.00268008
5.04087e-10	0.00248855
5.04526e-10	0.00230185
5.04965e-10	0.00212003
5.05404e-10	0.00194311
5.05843e-10	0.00177112
5.06282e-10	0.00160408
5.06721e-10	0.001442
5.0716e-10	0.00128488
5.07599e-10	0.00113271
5.08038e-10	0.000985498
5.08476e-10	0.000843218
5.08915e-10	0.000705851
5.09354e-10	0.000573372
5.09793e-10	0.000445748
5.10232e-10	0.000322943
5.10671e-10	0.000204916
5.1111e-10	9.16202e-05
5.11549e-10	-1.6994e-05
5.11988e-10	-0.000120981
5.12427e-10	-0.000220399
5.12866e-10	-0.00031531
5.13304e-10	-0.000405779
5.13743e-10	-0.000491874
5.14182e-10	-0.000573667
5.14621e-10	-0.000651231
5.1506e-10	-0.000724643
5.15499e-10	-0.000793983
5.15938e-10	-0.000859331
5.16377e-10	-0.000920769
5.16816e-10	-0.000978384
5.17255e-10	-0.00103226
5.17694e-10	-0.00108249
5.18132e-10	-0.00112915
5.18571e-10	-0.00117235
5.1901e-10	-0.00121216
5.19449e-10	-0.00124869
5.19888e-10	-0.00128202
5.20327e-10	-0.00131224
5.20766e-10	-0.00133946
5.21205e-10	-0.00136376
5.21644e-10	-0.00138523
5.22083e-10	-0.00140397
5.22522e-10	-0.00142007
5.2296e-10	-0.00143363
5.23399e-10	-0.00144473
5.23838e-10	-0.00145347
5.24277e-10	-0.00145993
5.24716e-10	-0.00146422
5.25155e-10	-0.00146641
5.25594e-10	-0.00146659
5.26033e-10	-0.00146486
5.26472e-10	-0.00146129
5.26911e-10	-0.00145598
5.2735e-10	-0.00144901
5.27788e-10	-0.00144045
5.28227e-10	-0.00143039
5.28666e-10	-0.00141891
5.29105e-10	-0.00140609
5.29544e-10	-0.001392
5.29983e-10	-0.00137671
5.30422e-10	-0.00136031
5.30861e-10	-0.00134287
5.313e-10	-0.00132444
5.31739e-10	-0.00130511
5.32178e-10	-0.00128493
5.32616e-10	-0.00126398
5.33055e-10	-0.00124232
5.33494e-10	-0.00122
5.33933e-10	-0.00119708
5.34372e-10	-0.00117364
5.34811e-10	-0.00114971
5.3525e-10	-0.00112536
5.35689e-10	-0.00110063
5.36128e-10	-0.00107558
5.36567e-10	-0.00105026
5.37006e-10	-0.00102471
5.37444e-10	-0.000998976
5.37883e-10	-0.000973107
5.38322e-10	-0.000947141
5.38761e-10	-0.000921118
5.392e-10	-0.000895078
5.39639e-10	-0.000869055
5.40078e-10	-0.000843087
5.40517e-10	-0.000817204
5.40956e-10	-0.000791441
5.41395e-10	-0.000765825
5.41834e-10	-0.000740387
5.42272e-10	-0.000715153
5.42711e-10	-0.000690148
5.4315e-10	-0.000665396
5.43589e-10	-0.000640921
5.44028e-10	-0.000616742
5.44467e-10	-0.000592881
5.44906e-10	-0.000569355
5.45345e-10	-0.000546181
5.45784e-10	-0.000523375
5.46223e-10	-0.000500952
5.46662e-10	-0.000478925
5.471e-10	-0.000457307
5.47539e-10	-0.000436107
5.47978e-10	-0.000415337
5.48417e-10	-0.000395005
5.48856e-10	-0.000375119
5.49295e-10	-0.000355685
5.49734e-10	-0.00033671
5.50173e-10	-0.000318199
5.50612e-10	-0.000300154
5.51051e-10	-0.000282581
5.5149e-10	-0.00026548
5.51928e-10	-0.000248854
5.52367e-10	-0.000232702
5.52806e-10	-0.000217027
5.53245e-10	-0.000201826
5.53684e-10	-0.000187098
5.54123e-10	-0.000172842
5.54562e-10	-0.000159055
5.55001e-10	-0.000145733
5.5544e-10	-0.000132874
5.55879e-10	-0.000120473
5.56318e-10	-0.000108526
5.56756e-10	-9.70274e-05
5.57195e-10	-8.59719e-05
5.57634e-10	-7.53537e-05
5.58073e-10	-6.51667e-05
5.58512e-10	-5.54043e-05
5.58951e-10	-4.60597e-05
5.5939e-10	-3.71258e-05
5.59829e-10	-2.85952e-05
5.60268e-10	-2.04603e-05
5.60707e-10	-1.27133e-05
5.61146e-10	-5.34605e-06
5.61584e-10	1.64952e-06
5.62023e-10	8.28179e-06
5.62462e-10	1.45592e-05
5.62901e-10	2.04905e-05
5.6334e-10	2.60841e-05
5.63779e-10	3.1349e-05
5.64218e-10	3.6294e-05
5.64657e-10	4.09278e-05
5.65096e-10	4.52594e-05
5.65535e-10	4.92978e-05
5.65974e-10	5.30517e-05
5.66412e-10	5.65302e-05
5.66851e-10	5.9742e-05
5.6729e-10	6.26959e-05
5.67729e-10	6.54009e-05
5.68168e-10	6.78655e-05
5.68607e-10	7.00984e-05
5.69046e-10	7.21082e-05
5.69485e-10	7.39033e-05
5.69924e-10	7.54921e-05
5.70363e-10	7.68829e-05
5.70802e-10	7.80838e-05
5.7124e-10	7.91028e-05
5.71679e-10	7.99478e-05
5.72118e-10	8.06266e-05
5.72557e-10	8.11469e-05
5.72996e-10	8.1516e-05
