% time-domain voltage integration by openEMS v0.0.36-142-g32c5c6b @Sat Feb 14 13:40:17 2026
% start-coordinates: (-0.01,0,0) m -> [10,20,0]
% stop-coordinates: (-0.01,0,0.001) m -> [10,20,4]
% t/s	voltage
0	-0
7.90036800485e-12	2.17454505957e-07
1.58007360097e-11	-2.92892408993e-07
2.37011040145e-11	-1.23452164758e-06
3.16014720194e-11	-2.71704203669e-06
3.95018400242e-11	-4.40637973043e-06
4.74022080291e-11	-5.38071560641e-06
5.53025760339e-11	-4.13313728131e-06
6.32029440388e-11	1.23754594483e-06
7.11033120436e-11	1.21464390759e-05
7.90036800485e-11	2.8227365874e-05
8.69040480533e-11	4.56877123725e-05
9.48044160582e-11	5.63596368011e-05
1.02704784063e-10	4.83675848955e-05
1.10605152068e-10	9.48180399973e-06
1.18505520073e-10	-6.66382111376e-05
1.26405888078e-10	-0.000172779320565
1.34306256082e-10	-0.000282179003989
1.42206624087e-10	-0.000348597124685
1.50106992092e-10	-0.000316165373079
1.58007360097e-10	-0.000139629926707
1.65907728102e-10	0.000189413956832
1.73808096107e-10	0.000620205639279
1.81708464111e-10	0.00103694340214
1.89608832116e-10	0.00127938011428
1.97509200121e-10	0.00119112274842
2.05409568126e-10	0.000684035534505
2.13309936131e-10	-0.000204384243261
2.21210304136e-10	-0.00128802453401
2.29110672141e-10	-0.00226309197024
2.37011040145e-10	-0.002793456777
2.4491140815e-10	-0.0026270407252
2.52811776155e-10	-0.00170153062209
2.6071214416e-10	-0.000194962398382
2.68612512165e-10	0.00150684709661
2.7651288017e-10	0.0029228735948
2.84413248174e-10	0.00363311532419
2.92313616179e-10	0.00342165573966
3.00213984184e-10	0.00235192885157
3.08114352189e-10	0.000744834775105
3.16014720194e-10	-0.000931825168664
3.23915088199e-10	-0.0022199137602
3.31815456204e-10	-0.00281474832445
3.39715824208e-10	-0.00264563004021
3.47616192213e-10	-0.00187033895054
3.55516560218e-10	-0.000795114494395
3.63416928223e-10	0.000242256210186
3.71317296228e-10	0.000980346405413
3.79217664233e-10	0.00129758613184
3.87118032237e-10	0.00121818823391
3.95018400242e-10	0.000870448100613
4.02918768247e-10	0.000422167060606
4.10819136252e-10	2.029617076e-05
4.18719504257e-10	-0.000246284573223
4.26619872262e-10	-0.000354992203938
4.34520240267e-10	-0.000334617048793
4.42420608271e-10	-0.000239339657128
4.50320976276e-10	-0.000123774418171
4.58221344281e-10	-2.68179755949e-05
4.66121712286e-10	3.36243165293e-05
4.74022080291e-10	5.73792776777e-05
4.81922448296e-10	5.45988714293e-05
4.898228163e-10	3.82871248803e-05
4.97723184305e-10	1.9229334157e-05
5.0562355231e-10	3.94301173401e-06
5.13523920315e-10	-5.02677175973e-06
5.2142428832e-10	-7.67941401136e-06
5.29324656325e-10	-5.08106586494e-06
5.3722502433e-10	1.47931950778e-06
5.45125392334e-10	1.05501330836e-05
5.53025760339e-10	2.00261642931e-05
5.60926128344e-10	2.65875160039e-05
5.68826496349e-10	2.56047942457e-05
5.76726864354e-10	1.19368392006e-05
5.84627232359e-10	-1.81821901606e-05
5.92527600363e-10	-6.47121923976e-05
6.00427968368e-10	-0.000120765533211
6.08328336373e-10	-0.00017063364794
6.16228704378e-10	-0.000190431415831
6.24129072383e-10	-0.000152781718498
6.32029440388e-10	-3.60170533895e-05
6.39929808393e-10	0.000163700879057
6.47830176397e-10	0.000420958815084
6.55730544402e-10	0.000675586299622
6.63630912407e-10	0.000838528736494
6.71531280412e-10	0.000812352474895
6.79431648417e-10	0.000524561910424
6.87332016422e-10	-3.49959314008e-05
6.95232384426e-10	-0.000786590782809
7.03132752431e-10	-0.0015578760067
7.11033120436e-10	-0.00211589987157
7.18933488441e-10	-0.00223219400505
7.26833856446e-10	-0.00176458348869
7.34734224451e-10	-0.000727423539502
7.42634592456e-10	0.000680195706082
7.5053496046e-10	0.00210811459692
7.58435328465e-10	0.00314959260868
7.6633569647e-10	0.00347025843803
7.74236064475e-10	0.00292693282245
7.8213643248e-10	0.00163047213573
7.90036800485e-10	-7.5949933489e-05
7.9793716849e-10	-0.00172068117536
8.05837536494e-10	-0.0028547187103
8.13737904499e-10	-0.00319545896491
8.21638272504e-10	-0.00271071126917
8.29538640509e-10	-0.00161413595197
8.37439008514e-10	-0.000277631232166
8.45339376519e-10	0.000902163490537
8.53239744523e-10	0.00163152741152
8.61140112528e-10	0.00179683769238
8.69040480533e-10	0.00147038316936
8.76940848538e-10	0.000853403282235
8.84841216543e-10	0.000186848570593
8.92741584548e-10	-0.000332699601131
9.00641952553e-10	-0.000603631691774
9.08542320557e-10	-0.000626361477771
9.16442688562e-10	-0.000474651409604
9.24343056567e-10	-0.000250701181358
9.32243424572e-10	-4.41115380454e-05
9.40143792577e-10	9.23129919101e-05
9.48044160582e-10	0.000146438665979
9.55944528586e-10	0.000135846690682
9.63844896591e-10	9.09583995963e-05
9.71745264596e-10	4.01642273573e-05
9.79645632601e-10	1.51088701728e-06
9.87546000606e-10	-1.86988286259e-05
9.95446368611e-10	-2.2795966288e-05
1.00334673662e-09	-1.7091436348e-05
1.01124710462e-09	-7.9449146142e-06
1.01914747263e-09	1.95414688875e-07
1.02704784063e-09	5.21331367054e-06
1.03494820863e-09	6.72600174312e-06
1.04284857664e-09	5.22673315118e-06
1.05074894464e-09	1.57689962066e-06
1.05864931265e-09	-3.24099715954e-06
1.06654968065e-09	-8.10168603493e-06
1.07445004866e-09	-1.17203044283e-05
1.08235041666e-09	-1.27658788642e-05
1.09025078467e-09	-1.02108751889e-05
1.09815115267e-09	-3.72199218646e-06
1.10605152068e-09	5.96127574681e-06
1.11395188868e-09	1.69223358171e-05
1.12185225669e-09	2.63725828518e-05
1.12975262469e-09	3.13153741445e-05
1.1376529927e-09	2.94499382107e-05
1.1455533607e-09	2.00251183742e-05
1.15345372871e-09	4.29740839536e-06
1.16135409671e-09	-1.46455640788e-05
1.16925446472e-09	-3.26143444909e-05
1.17715483272e-09	-4.55501785837e-05
1.18505520073e-09	-5.05982707182e-05
1.19295556873e-09	-4.67568397653e-05
1.20085593674e-09	-3.48364228557e-05
1.20875630474e-09	-1.68211927303e-05
1.21665667275e-09	4.86733495109e-06
1.22455704075e-09	2.78093098132e-05
1.23245740876e-09	4.95827707709e-05
1.24035777676e-09	6.73050926707e-05
1.24825814477e-09	7.73694264353e-05
1.25615851277e-09	7.58465666877e-05
1.26405888078e-09	5.97453663431e-05
1.27195924878e-09	2.89046715807e-05
1.27985961679e-09	-1.25492420011e-05
1.28775998479e-09	-5.60648550163e-05
1.29566035279e-09	-9.04332409846e-05
1.3035607208e-09	-0.000105273518784
1.3114610888e-09	-9.49081859289e-05
1.31936145681e-09	-6.10053721175e-05
1.32726182481e-09	-1.27214448185e-05
1.33516219282e-09	3.60810208804e-05
1.34306256082e-09	7.15002988727e-05
1.35096292883e-09	8.44051883178e-05
1.35886329683e-09	7.33998494979e-05
1.36676366484e-09	4.47487082056e-05
1.37466403284e-09	9.5420159596e-06
1.38256440085e-09	-2.06568506655e-05
1.39046476885e-09	-3.78689937861e-05
1.39836513686e-09	-3.98210368076e-05
1.40626550486e-09	-2.96613570754e-05
1.41416587287e-09	-1.37306431043e-05
1.42206624087e-09	1.3738332143e-06
1.42996660888e-09	1.11473375455e-05
1.43786697688e-09	1.42107949159e-05
1.44576734489e-09	1.18890006888e-05
1.45366771289e-09	6.89146327204e-06
1.4615680809e-09	1.91247033854e-06
1.4694684489e-09	-1.35191504569e-06
1.47736881691e-09	-2.46542180093e-06
1.48526918491e-09	-1.94529400233e-06
1.49316955292e-09	-7.00373931295e-07
1.50106992092e-09	4.66318780923e-07
1.50897028893e-09	1.11558770755e-06
1.51687065693e-09	1.1848250665e-06
1.52477102494e-09	8.69820752314e-07
1.53267139294e-09	4.31010754198e-07
1.54057176095e-09	7.7133462284e-08
1.54847212895e-09	-6.83919161304e-08
1.55637249695e-09	1.36617064328e-08
1.56427286496e-09	2.72754760999e-07
1.57217323296e-09	6.40593327716e-07
1.58007360097e-09	1.02987496575e-06
1.58797396897e-09	1.36040719667e-06
1.59587433698e-09	1.57691894742e-06
1.60377470498e-09	1.64186243978e-06
1.61167507299e-09	1.5402256679e-06
1.61957544099e-09	1.27723055243e-06
1.627475809e-09	8.71508007094e-07
1.635376177e-09	3.56796000744e-07
1.64327654501e-09	-2.2068331873e-07
1.65117691301e-09	-7.74853958774e-07
1.65907728102e-09	-1.19772181506e-06
1.66697764902e-09	-1.36701294196e-06
1.67487801703e-09	-1.16914753789e-06
1.68277838503e-09	-5.65863757629e-07
1.69067875304e-09	3.81188513643e-07
1.69857912104e-09	1.50324476067e-06
1.70647948905e-09	2.5458346613e-06
1.71437985705e-09	3.25717405758e-06
1.72228022506e-09	3.46106264715e-06
1.73018059306e-09	3.12366995558e-06
1.73808096107e-09	2.35891508282e-06
1.74598132907e-09	1.36975802434e-06
1.75388169708e-09	3.79129382111e-07
1.76178206508e-09	-4.6279351551e-07
1.76968243309e-09	-1.09740872745e-06
1.77758280109e-09	-1.52303289269e-06
1.7854831691e-09	-1.76027020871e-06
1.7933835371e-09	-1.76923063577e-06
1.80128390511e-09	-1.46539679236e-06
1.80918427311e-09	-7.73791555275e-07
1.81708464111e-09	3.02317658907e-07
1.82498500912e-09	1.58836942887e-06
1.83288537712e-09	2.77536480553e-06
1.84078574513e-09	3.4985922639e-06
1.84868611313e-09	3.48932519501e-06
1.85658648114e-09	2.71426432619e-06
1.86448684914e-09	1.39541089084e-06
1.87238721715e-09	-3.57261242812e-08
1.88028758515e-09	-1.11965704264e-06
1.88818795316e-09	-1.54473474367e-06
1.89608832116e-09	-1.24870689433e-06
1.90398868917e-09	-4.40503441723e-07
1.91188905717e-09	5.20140758908e-07
1.91978942518e-09	1.28440325398e-06
1.92768979318e-09	1.62957974226e-06
1.93559016119e-09	1.54312863287e-06
1.94349052919e-09	1.17229259899e-06
1.9513908972e-09	7.27911839249e-07
1.9592912652e-09	3.97534847707e-07
1.96719163321e-09	2.6443898804e-07
1.97509200121e-09	3.10931767444e-07
1.98299236922e-09	4.54114868376e-07
1.99089273722e-09	5.99036781068e-07
1.99879310523e-09	6.87376655151e-07
2.00669347323e-09	7.02396249608e-07
2.01459384124e-09	6.68666672254e-07
2.02249420924e-09	6.18518839701e-07
2.03039457725e-09	5.8274358139e-07
2.03829494525e-09	5.74747048177e-07
2.04619531326e-09	5.85376483286e-07
2.05409568126e-09	6.11173618381e-07
2.06199604926e-09	6.3899824454e-07
2.06989641727e-09	6.57059587184e-07
2.07779678527e-09	6.68784821301e-07
2.08569715328e-09	6.6719383085e-07
2.09359752128e-09	6.55099398728e-07
2.10149788929e-09	6.35281679706e-07
2.10939825729e-09	6.06720476526e-07
2.1172986253e-09	5.80228913805e-07
2.1251989933e-09	5.58089226388e-07
2.13309936131e-09	5.4361429136e-07
2.14099972931e-09	5.44397551039e-07
2.14890009732e-09	5.55638038691e-07
2.15680046532e-09	5.74840839818e-07
2.16470083333e-09	6.00782499305e-07
2.17260120133e-09	6.27544494591e-07
2.18050156934e-09	6.54615831763e-07
2.18840193734e-09	6.79640663748e-07
2.19630230535e-09	7.00987953905e-07
2.20420267335e-09	7.13651360229e-07
2.21210304136e-09	7.12786686563e-07
2.22000340936e-09	6.93627555393e-07
2.22790377737e-09	6.55774016423e-07
2.23580414537e-09	6.06146556947e-07
2.24370451338e-09	5.53154094973e-07
2.25160488138e-09	5.13573965577e-07
2.25950524939e-09	4.97177737202e-07
2.26740561739e-09	5.055637331e-07
2.2753059854e-09	5.36827116093e-07
2.2832063534e-09	5.7768482975e-07
2.29110672141e-09	6.14159063161e-07
2.29900708941e-09	6.41759470454e-07
2.30690745742e-09	6.55714416098e-07
2.31480782542e-09	6.62793098627e-07
2.32270819342e-09	6.68360200962e-07
2.33060856143e-09	6.73774167126e-07
2.33850892943e-09	6.77946360383e-07
2.34640929744e-09	6.71716065881e-07
2.35430966544e-09	6.50372527389e-07
2.36221003345e-09	6.15922004954e-07
2.37011040145e-09	5.73816748783e-07
2.37801076946e-09	5.41727615655e-07
2.38591113746e-09	5.31643138402e-07
2.39381150547e-09	5.47186076005e-07
2.40171187347e-09	5.85542380804e-07
2.40961224148e-09	6.29413221986e-07
2.41751260948e-09	6.637220622e-07
2.42541297749e-09	6.75679217466e-07
2.43331334549e-09	6.64598502453e-07
2.4412137135e-09	6.37868367903e-07
2.4491140815e-09	6.08605006391e-07
2.45701444951e-09	5.89338981172e-07
2.46491481751e-09	5.85270328202e-07
2.47281518552e-09	5.93058189224e-07
2.48071555352e-09	6.08437403571e-07
2.48861592153e-09	6.20370855131e-07
2.49651628953e-09	6.26489509159e-07
2.50441665754e-09	6.25569100521e-07
2.51231702554e-09	6.19720481154e-07
2.52021739355e-09	6.148959244e-07
2.52811776155e-09	6.1145075847e-07
2.53601812956e-09	6.11777295489e-07
2.54391849756e-09	6.14547332134e-07
2.55181886557e-09	6.15971515572e-07
2.55971923357e-09	6.18677631792e-07
2.56761960158e-09	6.17996789742e-07
2.57551996958e-09	6.16910057261e-07
2.58342033758e-09	6.16486971694e-07
2.59132070559e-09	6.14005273292e-07
2.59922107359e-09	6.13837045194e-07
2.6071214416e-09	6.13074917055e-07
2.6150218096e-09	6.11915993431e-07
2.62292217761e-09	6.12800590716e-07
2.63082254561e-09	6.12329415617e-07
2.63872291362e-09	6.1345340896e-07
2.64662328162e-09	6.15405099325e-07
2.65452364963e-09	6.16151680788e-07
2.66242401763e-09	6.1848123778e-07
2.67032438564e-09	6.19038075911e-07
2.67822475364e-09	6.1894778014e-07
2.68612512165e-09	6.19218269549e-07
2.69402548965e-09	6.17309979134e-07
2.70192585766e-09	6.1659946482e-07
2.70982622566e-09	6.15927035597e-07
2.71772659367e-09	6.13986031794e-07
2.72562696167e-09	6.14012179767e-07
2.73352732968e-09	6.12574865499e-07
2.74142769768e-09	6.11732218658e-07
2.74932806569e-09	6.11163187614e-07
2.75722843369e-09	6.11262208849e-07
2.7651288017e-09	6.12082828866e-07
2.7730291697e-09	6.14197688265e-07
2.78092953771e-09	6.16158899902e-07
2.78882990571e-09	6.18262504304e-07
2.79673027372e-09	6.19623278908e-07
2.80463064172e-09	6.18890879878e-07
2.81253100973e-09	6.18163056743e-07
2.82043137773e-09	6.16658866193e-07
2.82833174574e-09	6.1479732949e-07
2.83623211374e-09	6.14802331711e-07
2.84413248174e-09	6.14380127217e-07
2.85203284975e-09	6.1472550783e-07
2.85993321775e-09	6.15249035718e-07
2.86783358576e-09	6.13947150896e-07
2.87573395376e-09	6.14405081478e-07
2.88363432177e-09	6.12987719251e-07
2.89153468977e-09	6.13221828871e-07
2.89943505778e-09	6.14845106384e-07
2.90733542578e-09	6.15257363279e-07
2.91523579379e-09	6.17533146396e-07
2.92313616179e-09	6.18090865601e-07
2.9310365298e-09	6.17095224698e-07
2.9389368978e-09	6.16976564061e-07
2.94683726581e-09	6.14175405644e-07
2.95473763381e-09	6.13835624108e-07
2.96263800182e-09	6.13531739191e-07
2.97053836982e-09	6.13324175447e-07
2.97843873783e-09	6.15488772837e-07
2.98633910583e-09	6.15562896655e-07
2.99423947384e-09	6.16373284856e-07
3.00213984184e-09	6.16517809249e-07
3.01004020985e-09	6.15281550154e-07
3.01794057785e-09	6.15661150505e-07
3.02584094586e-09	6.14497366769e-07
3.03374131386e-09	6.14903427731e-07
3.04164168187e-09	6.15460407971e-07
3.04954204987e-09	6.14774961605e-07
3.05744241788e-09	6.16078438043e-07
3.06534278588e-09	6.15274387883e-07
3.07324315389e-09	6.15166072748e-07
3.08114352189e-09	6.15678970917e-07
3.0890438899e-09	6.14568079982e-07
3.0969442579e-09	6.1543610741e-07
3.1048446259e-09	6.15169881257e-07
3.11274499391e-09	6.14876256577e-07
3.12064536191e-09	6.15821818428e-07
3.12854572992e-09	6.14818787881e-07
3.13644609792e-09	6.15607888221e-07
3.14434646593e-09	6.15355958189e-07
3.15224683393e-09	6.15289224015e-07
