% time-domain current integration by openEMS v0.0.36-142-g32c5c6b @Sat Feb 14 13:40:17 2026
% start-coordinates: (-0.011,-0.002,0.00025) m -> [9,18,1]
% stop-coordinates: (-0.01,0.001,0.00025) m -> [10,21,1]
% t/s	current
2.19454666801e-13	0
8.11982267165e-12	5.81064663052e-09
1.60201906765e-11	-2.49600895508e-09
2.39205586813e-11	-2.08651265154e-08
3.18209266862e-11	-4.99334262827e-08
3.9721294691e-11	-8.66197638061e-08
4.76216626959e-11	-1.14110704885e-07
5.55220307007e-11	-1.02854841089e-07
6.34223987056e-11	-1.30379262941e-08
7.13227667104e-11	1.91348973999e-07
7.92231347153e-11	5.14960447617e-07
8.71235027201e-11	8.98030918961e-07
9.5023870725e-11	1.18856439713e-06
1.0292423873e-10	1.146196837e-06
1.10824606735e-10	4.98347958455e-07
1.18724974739e-10	-9.40701170293e-07
1.26625342744e-10	-3.10631344291e-06
1.34525710749e-10	-5.53729205421e-06
1.42426078754e-10	-7.33382466933e-06
1.50326446759e-10	-7.30979036234e-06
1.58226814764e-10	-4.37500148109e-06
1.66127182769e-10	1.91753883882e-06
1.74027550773e-10	1.08425383587e-05
1.81927918778e-10	2.02568571694e-05
1.89828286783e-10	2.6879060897e-05
1.97728654788e-10	2.71828612313e-05
2.05629022793e-10	1.87313762581e-05
2.13529390798e-10	1.51019730765e-06
2.21429758803e-10	-2.13257717405e-05
2.29330126807e-10	-4.37831513409e-05
2.37230494812e-10	-5.85763918934e-05
2.45130862817e-10	-5.95241399424e-05
2.53031230822e-10	-4.39823088527e-05
2.60931598827e-10	-1.43357210618e-05
2.68831966832e-10	2.2185535272e-05
2.76732334836e-10	5.54976613785e-05
2.84632702841e-10	7.58644018788e-05
2.92533070846e-10	7.71694103605e-05
3.00433438851e-10	5.90264244238e-05
3.08333806856e-10	2.69108350039e-05
3.16234174861e-10	-9.73719488684e-06
3.24134542866e-10	-4.07022853324e-05
3.3203491087e-10	-5.8267483837e-05
3.39935278875e-10	-5.93965960434e-05
3.4783564688e-10	-4.61471245217e-05
3.55736014885e-10	-2.43584454438e-05
3.6363638289e-10	-1.2905550193e-06
3.71536750895e-10	1.68181031768e-05
3.79437118899e-10	2.6425714168e-05
3.87337486904e-10	2.71680364676e-05
3.95237854909e-10	2.12274808291e-05
4.03138222914e-10	1.20477343444e-05
4.11038590919e-10	2.97970586871e-06
4.18938958924e-10	-3.67602842744e-06
4.26839326929e-10	-7.02322995494e-06
4.34739694933e-10	-7.38056314731e-06
4.42640062938e-10	-5.77735954721e-06
4.50540430943e-10	-3.40116230291e-06
4.58440798948e-10	-1.19185665426e-06
4.66341166953e-10	3.37485403179e-07
4.74241534958e-10	1.07999460397e-06
4.82141902962e-10	1.19719197755e-06
4.90042270967e-10	9.55295377025e-07
4.97942638972e-10	5.98234350946e-07
5.05843006977e-10	2.82364368331e-07
5.13743374982e-10	6.67494219897e-08
5.21643742987e-10	-6.19690112558e-08
5.29544110992e-10	-1.52031859102e-07
5.37444478996e-10	-2.50482031561e-07
5.45344847001e-10	-3.75952652121e-07
5.53245215006e-10	-5.02699947447e-07
5.61145583011e-10	-5.58032695608e-07
5.69045951016e-10	-4.36090545008e-07
5.76946319021e-10	-2.96895894536e-08
5.84846687025e-10	7.22075242265e-07
5.9274705503e-10	1.77188383077e-06
6.00647423035e-10	2.91015794573e-06
6.0854779104e-10	3.74470550923e-06
6.16448159045e-10	3.74322235075e-06
6.2434852705e-10	2.36731443692e-06
6.32248895055e-10	-7.08966865659e-07
6.40149263059e-10	-5.34626769877e-06
6.48049631064e-10	-1.07418309199e-05
6.55949999069e-10	-1.5398945834e-05
6.63850367074e-10	-1.73648477357e-05
6.71750735079e-10	-1.47689042933e-05
6.79651103084e-10	-6.56737074678e-06
6.87551471088e-10	6.73700697007e-06
6.95451839093e-10	2.2706353775e-05
7.03352207098e-10	3.71916430595e-05
7.11252575103e-10	4.52878011856e-05
7.19152943108e-10	4.28648054367e-05
7.27053311113e-10	2.822163151e-05
7.34953679118e-10	3.23252288581e-06
7.42854047122e-10	-2.65780472546e-05
7.50754415127e-10	-5.32805133844e-05
7.58654783132e-10	-6.88653235557e-05
7.66555151137e-10	-6.79181684973e-05
7.74455519142e-10	-4.96688298881e-05
7.82355887147e-10	-1.85785011126e-05
7.90256255151e-10	1.68711867445e-05
7.98156623156e-10	4.68422513222e-05
8.06056991161e-10	6.33199379081e-05
8.13957359166e-10	6.26424662187e-05
8.21857727171e-10	4.64702279714e-05
8.29758095176e-10	2.08940273296e-05
8.37658463181e-10	-5.89578394283e-06
8.45558831185e-10	-2.64303580479e-05
8.5345919919e-10	-3.62175851478e-05
8.61359567195e-10	-3.46970664395e-05
8.692599352e-10	-2.47341449722e-05
8.77160303205e-10	-1.10590099212e-05
8.8506067121e-10	1.61254592967e-06
8.92961039214e-10	1.00511242636e-05
9.00861407219e-10	1.31553033498e-05
9.08761775224e-10	1.17247845992e-05
9.16662143229e-10	7.66232369642e-06
9.24562511234e-10	3.03915430777e-06
9.32462879239e-10	-6.14099860741e-07
9.40363247244e-10	-2.61121022049e-06
9.48263615248e-10	-3.02732496493e-06
9.56163983253e-10	-2.39284986492e-06
9.64064351258e-10	-1.34722461098e-06
9.71964719263e-10	-3.87885989994e-07
9.79865087268e-10	2.31008911555e-07
9.87765455273e-10	4.75360224073e-07
9.95665823277e-10	4.44836587121e-07
1.00356619128e-09	2.7838896699e-07
1.01146655929e-09	9.10733035653e-08
1.01936692729e-09	-4.90691434152e-08
1.0272672953e-09	-1.18216469502e-07
1.0351676633e-09	-1.19329698123e-07
1.04306803131e-09	-6.71053257406e-08
1.05096839931e-09	1.99901517561e-08
1.05886876732e-09	1.21081271232e-07
1.06676913532e-09	2.12519665865e-07
1.07466950333e-09	2.67274884891e-07
1.08256987133e-09	2.59948137682e-07
1.09047023934e-09	1.74447336576e-07
1.09837060734e-09	1.23258594442e-08
1.10627097535e-09	-2.0134496026e-07
1.11417134335e-09	-4.18696544102e-07
1.12207171136e-09	-5.79295374337e-07
1.12997207936e-09	-6.25635323104e-07
1.13787244736e-09	-5.22302570971e-07
1.14577281537e-09	-2.71064294566e-07
1.15367318337e-09	8.55669384237e-08
1.16157355138e-09	4.72366281201e-07
1.16947391938e-09	8.01884425528e-07
1.17737428739e-09	9.99835719995e-07
1.18527465539e-09	1.02379965483e-06
1.1931750234e-09	8.70848623435e-07
1.2010753914e-09	5.70534496092e-07
1.20897575941e-09	1.68854285221e-07
1.21687612741e-09	-2.84573559384e-07
1.22477649542e-09	-7.42281599742e-07
1.23267686342e-09	-1.15383761568e-06
1.24057723143e-09	-1.45565468301e-06
1.24847759943e-09	-1.57018860136e-06
1.25637796744e-09	-1.42094859257e-06
1.26427833544e-09	-9.65487402027e-07
1.27217870345e-09	-2.33805678818e-07
1.28007907145e-09	6.51019604447e-07
1.28797943946e-09	1.48515562159e-06
1.29587980746e-09	2.03674403565e-06
1.30378017547e-09	2.12525560528e-06
1.31168054347e-09	1.69420832208e-06
1.31958091148e-09	8.46234854635e-07
1.32748127948e-09	-1.80074493983e-07
1.33538164749e-09	-1.08781875952e-06
1.34328201549e-09	-1.62376886692e-06
1.3511823835e-09	-1.66572544913e-06
1.3590827515e-09	-1.25765245684e-06
1.36698311951e-09	-5.81217875606e-07
1.37488348751e-09	1.20205740473e-07
1.38278385551e-09	6.33148715679e-07
1.39068422352e-09	8.43466523293e-07
1.39858459152e-09	7.57736017931e-07
1.40648495953e-09	4.7739973752e-07
1.41438532753e-09	1.42669676961e-07
1.42228569554e-09	-1.25462037204e-07
1.43018606354e-09	-2.62680686092e-07
1.43808643155e-09	-2.68522484248e-07
1.44598679955e-09	-1.87396423712e-07
1.45388716756e-09	-7.83309346275e-08
1.46178753556e-09	1.07849116304e-08
1.46968790357e-09	5.70663800659e-08
1.47758827157e-09	6.20303239884e-08
1.48548863958e-09	4.16314129836e-08
1.49338900758e-09	1.48145478107e-08
1.50128937559e-09	-5.04792030398e-09
1.50918974359e-09	-1.26791155353e-08
1.5170901116e-09	-9.69765512338e-09
1.5249904796e-09	-1.35108124688e-09
1.53289084761e-09	7.35100380567e-09
1.54079121561e-09	1.29371882096e-08
1.54869158362e-09	1.37698616953e-08
1.55659195162e-09	1.03345616509e-08
1.56449231963e-09	3.93583965419e-09
1.57239268763e-09	-3.97345711889e-09
1.58029305564e-09	-1.14921272498e-08
1.58819342364e-09	-1.72934928599e-08
1.59609379165e-09	-2.03965306866e-08
1.60399415965e-09	-2.02596162069e-08
1.61189452766e-09	-1.67837956866e-08
1.61979489566e-09	-1.0166907316e-08
1.62769526367e-09	-9.84987758024e-10
1.63559563167e-09	1.00716679441e-08
1.64349599967e-09	2.17894253751e-08
1.65139636768e-09	3.21442570339e-08
1.65929673568e-09	3.88713523591e-08
1.66719710369e-09	3.94065580167e-08
1.67509747169e-09	3.19212922761e-08
1.6829978397e-09	1.6463053143e-08
1.6908982077e-09	-4.80661599411e-09
1.69879857571e-09	-2.75667240146e-08
1.70669894371e-09	-4.64068889983e-08
1.71459931172e-09	-5.67024827092e-08
1.72249967972e-09	-5.59032251601e-08
1.73040004773e-09	-4.4835587687e-08
1.73830041573e-09	-2.67056083914e-08
1.74620078374e-09	-6.10698824843e-09
1.75410115174e-09	1.2796077975e-08
1.76200151975e-09	2.79407359471e-08
1.76990188775e-09	3.87172356398e-08
1.77780225576e-09	4.5524586767e-08
1.78570262376e-09	4.8525905072e-08
1.79360299177e-09	4.63150264807e-08
1.80150335977e-09	3.70983102016e-08
1.80940372778e-09	1.96880201031e-08
1.81730409578e-09	-4.5499373158e-09
1.82520446379e-09	-3.07386045506e-08
1.83310483179e-09	-5.17641751685e-08
1.8410051998e-09	-6.0592213913e-08
1.8489055678e-09	-5.34485558035e-08
1.85680593581e-09	-3.1983098836e-08
1.86470630381e-09	-2.80256240437e-09
1.87260667182e-09	2.44260771609e-08
1.88050703982e-09	4.12106828662e-08
1.88840740783e-09	4.32146194385e-08
1.89630777583e-09	3.16808019818e-08
1.90420814383e-09	1.27191999155e-08
1.91210851184e-09	-5.99276717139e-09
1.92000887984e-09	-1.81769266305e-08
1.92790924785e-09	-2.10304573756e-08
1.93580961585e-09	-1.61025219825e-08
1.94370998386e-09	-7.19705672836e-09
1.95161035186e-09	1.28396360211e-09
1.95951071987e-09	6.31389962535e-09
1.96741108787e-09	7.20701986978e-09
1.97531145588e-09	5.04977037963e-09
1.98321182388e-09	1.83891779582e-09
1.99111219189e-09	-7.28303972686e-10
1.99901255989e-09	-1.83723802838e-09
2.0069129279e-09	-1.58776713999e-09
2.0148132959e-09	-6.34318098047e-10
2.02271366391e-09	3.43353151466e-10
2.03061403191e-09	8.16759215816e-10
2.03851439992e-09	7.84747600235e-10
2.04641476792e-09	4.14034390106e-10
2.05431513593e-09	-1.76899161985e-10
2.06221550393e-09	-6.67529365117e-10
2.07011587194e-09	-9.66795976609e-10
2.07801623994e-09	-1.1109053677e-09
2.08591660795e-09	-9.65876822967e-10
2.09381697595e-09	-6.50279385894e-10
2.10171734396e-09	-1.7679969988e-10
2.10961771196e-09	4.22474083495e-10
2.11751807997e-09	9.14146147668e-10
2.12541844797e-09	1.30519295372e-09
2.13331881598e-09	1.4917878044e-09
2.14121918398e-09	1.34910327354e-09
2.14911955199e-09	1.05259501115e-09
2.15701991999e-09	5.96491966931e-10
2.16492028799e-09	5.75667361002e-11
2.172820656e-09	-4.84065898476e-10
2.180721024e-09	-1.01437114264e-09
2.18862139201e-09	-1.49150980455e-09
2.19652176001e-09	-1.86226445376e-09
2.20442212802e-09	-2.02629069079e-09
2.21232249602e-09	-1.84767179334e-09
2.22022286403e-09	-1.30209820703e-09
2.22812323203e-09	-4.12373996062e-10
2.23602360004e-09	6.60673293851e-10
2.24392396804e-09	1.65544378206e-09
2.25182433605e-09	2.27550311926e-09
2.25972470405e-09	2.37981478968e-09
2.26762507206e-09	1.99812588697e-09
2.27552544006e-09	1.22127341573e-09
2.28342580807e-09	4.01426170082e-10
2.29132617607e-09	-2.51964143994e-10
2.29922654408e-09	-7.09871217364e-10
2.30712691208e-09	-8.81628492433e-10
2.31502728009e-09	-9.97590454688e-10
2.32292764809e-09	-1.11473452691e-09
2.3308280161e-09	-1.20985588214e-09
2.3387283841e-09	-1.2509034919e-09
2.34662875211e-09	-1.00057695462e-09
2.35452912011e-09	-4.44671299782e-10
2.36242948812e-09	3.40047101588e-10
2.37032985612e-09	1.17400678068e-09
2.37823022413e-09	1.65611024894e-09
2.38613059213e-09	1.63159907807e-09
2.39403096014e-09	1.10030384803e-09
2.40193132814e-09	2.07802802743e-10
2.40983169615e-09	-6.47830511458e-10
2.41773206415e-09	-1.16298992658e-09
2.42563243215e-09	-1.19596688108e-09
2.43353280016e-09	-7.94086463252e-10
2.44143316816e-09	-1.88621729347e-10
2.44933353617e-09	3.62622709638e-10
2.45723390417e-09	6.05212546745e-10
2.46513427218e-09	5.78794956407e-10
2.47303464018e-09	3.21887766441e-10
2.48093500819e-09	5.49900923408e-12
2.48883537619e-09	-1.76443304412e-10
2.4967357442e-09	-2.46655113001e-10
2.5046361122e-09	-1.57436938486e-10
2.51253648021e-09	-4.33271404865e-11
2.52043684821e-09	4.61171170696e-11
2.52833721622e-09	9.40117914072e-11
2.53623758422e-09	4.03282580941e-11
2.54413795223e-09	6.09845767635e-12
2.55203832023e-09	-3.9802661167e-11
2.55993868824e-09	-7.45722789075e-11
2.56783905624e-09	-4.04357762551e-11
2.57573942425e-09	-2.76304083779e-11
2.58363979225e-09	-1.1277132006e-11
2.59154016026e-09	4.16991059737e-11
2.59944052826e-09	2.44639395547e-11
2.60734089627e-09	6.00739805123e-11
2.61524126427e-09	6.5498766133e-11
2.62314163228e-09	4.27098634237e-11
2.63104200028e-09	6.97354118895e-11
2.63894236829e-09	8.00718692739e-12
2.64684273629e-09	-7.68350574137e-12
2.6547431043e-09	-3.13052257728e-11
2.6626434723e-09	-8.49073242271e-11
2.6705438403e-09	-6.24790219561e-11
2.67844420831e-09	-8.6649701303e-11
2.68634457631e-09	-6.05765021477e-11
2.69424494432e-09	-3.22794568852e-11
2.70214531232e-09	-2.5806998899e-11
2.71004568033e-09	8.00275210683e-12
2.71794604833e-09	2.79367536049e-11
2.72584641634e-09	3.48899173441e-11
2.73374678434e-09	6.26638393952e-11
2.74164715235e-09	7.87385087686e-11
2.74954752035e-09	8.17436535128e-11
2.75744788836e-09	8.12107464609e-11
2.76534825636e-09	4.73532428547e-11
2.77324862437e-09	4.17151122672e-12
2.78114899237e-09	-3.64515535811e-11
2.78904936038e-09	-7.58107396304e-11
2.79694972838e-09	-8.77072234284e-11
2.80485009639e-09	-6.64526350613e-11
2.81275046439e-09	-4.41543156204e-11
2.8206508324e-09	-1.0174612021e-11
2.8285512004e-09	1.40881455807e-11
2.83645156841e-09	1.30372613746e-11
2.84435193641e-09	1.63816269577e-11
2.85225230442e-09	4.09017611447e-12
2.86015267242e-09	1.31747321386e-11
2.86805304043e-09	2.3121020723e-11
2.87595340843e-09	2.78576970519e-11
2.88385377644e-09	5.01387091567e-11
2.89175414444e-09	2.87564486112e-11
2.89965451245e-09	1.86801355634e-12
2.90755488045e-09	-1.42540623402e-11
2.91545524846e-09	-5.61165627855e-11
2.92335561646e-09	-4.97504606956e-11
2.93125598446e-09	-3.63871190123e-11
2.93915635247e-09	-1.46096641729e-11
2.94705672047e-09	3.34838129445e-11
2.95495708848e-09	2.97084613854e-11
2.96285745648e-09	4.09823425196e-11
2.97075782449e-09	2.55305360186e-11
2.97865819249e-09	-1.24094146417e-11
2.9865585605e-09	-6.39978955247e-12
2.9944589285e-09	-2.97628519053e-11
3.00235929651e-09	-1.44276595879e-11
3.01025966451e-09	-3.59151749139e-12
3.01816003252e-09	1.3794145947e-12
3.02606040052e-09	1.98948982288e-11
3.03396076853e-09	-5.97234067756e-13
3.04186113653e-09	5.12530599558e-12
3.04976150454e-09	-1.0803582421e-12
3.05766187254e-09	-1.53453031532e-11
3.06556224055e-09	4.4924662948e-12
3.07346260855e-09	-2.7449852287e-12
3.08136297656e-09	1.86867752175e-12
3.08926334456e-09	1.15928855057e-11
3.09716371257e-09	-4.30436719254e-12
3.10506408057e-09	4.90467302189e-12
3.11296444858e-09	1.57930894924e-12
3.12086481658e-09	-7.17479894941e-12
3.12876518459e-09	9.22745647253e-12
3.13666555259e-09	-7.77392820256e-12
3.1445659206e-09	2.60893032438e-13
3.1524662886e-09	1.9680454098e-13
